 monx mony
   1.00000000       1.00000000    
   2.00000000      0.954721987    
   3.00000000      0.916362047    
   4.00000000      0.877963185    
   5.00000000      0.844069242    
   6.00000000      0.820657432    
   7.00000000      0.809685647    
   8.00000000      0.805467784    
   9.00000000      0.799627185    
   10.0000000      0.795304775    
   11.0000000      0.792260587    
   12.0000000      0.788977802    
   13.0000000      0.785242856    
   14.0000000      0.782114863    
   15.0000000      0.779482663    
   16.0000000      0.776561260    
   17.0000000      0.775229871    
   18.0000000      0.773031652    
   19.0000000      0.769640386    
   20.0000000      0.767406285    
   21.0000000      0.765618622    
   22.0000000      0.763507426    
   23.0000000      0.763178110    
   24.0000000      0.760967016    
   25.0000000      0.758230269    
   26.0000000      0.756441057    
   27.0000000      0.755120277    
   28.0000000      0.753413856    
   29.0000000      0.753331423    
   30.0000000      0.751177192    
