   monx              mony
   0.00000000      -3.71500303E-10
   9.99999978E-03  -3.72619824E-10
   1.99999996E-02  -3.67583131E-10
   2.99999993E-02  -3.57226915E-10
   3.99999991E-02  -3.40973638E-10
   4.99999970E-02  -3.19196947E-10
   5.99999987E-02  -2.92258912E-10
   7.00000003E-02  -2.60628741E-10
   7.99999982E-02  -2.24174040E-10
   8.99999961E-02  -1.84039631E-10
   9.99999940E-02  -1.40916459E-10
  0.109999999      -9.48277845E-11
  0.119999997      -4.66475261E-11
  0.129999995       2.42543464E-12
  0.140000001       5.24657678E-11
  0.149999991       1.01916225E-10
  0.159999996       1.49737348E-10
  0.170000002       1.96377775E-10
  0.179999992       2.39691267E-10
  0.189999998       2.80277551E-10
  0.199999988       3.16993931E-10
  0.209999993       3.49009238E-10
  0.219999999       3.74894810E-10
  0.229999989       3.96271710E-10
  0.239999995       4.10824375E-10
  0.250000000       4.18524077E-10
  0.259999990       4.20421503E-10
  0.269999981       4.14943579E-10
  0.280000001       4.03299005E-10
  0.289999992       3.85423915E-10
  0.299999982       3.60930952E-10
  0.310000002       3.29453770E-10
  0.319999993       2.93709779E-10
  0.329999983       2.52060484E-10
  0.340000004       2.05877398E-10
  0.349999994       1.56755067E-10
  0.359999985       1.03784314E-10
  0.370000005       4.81664049E-11
  0.379999995      -8.26312543E-12
  0.389999986      -6.61540198E-11
  0.399999976      -1.22883759E-10
  0.409999996      -1.78834531E-10
  0.419999987      -2.32436514E-10
  0.429999977      -2.83101542E-10
  0.439999998      -3.29442945E-10
  0.449999988      -3.72085585E-10
  0.459999979      -4.08718642E-10
  0.469999999      -4.39382558E-10
  0.479999989      -4.63649341E-10
  0.489999980      -4.80769924E-10
  0.500000000      -4.91190144E-10
  0.509999990      -4.92752283E-10
  0.519999981      -4.87255569E-10
  0.529999971      -4.73549089E-10
  0.539999962      -4.52743260E-10
  0.550000012      -4.24115298E-10
  0.560000002      -3.88333449E-10
  0.569999993      -3.46229795E-10
  0.579999983      -2.98075564E-10
  0.589999974      -2.44398057E-10
  0.599999964      -1.86633167E-10
  0.610000014      -1.24644434E-10
  0.620000005      -6.06020303E-11
  0.629999995       5.44258649E-12
  0.639999986       7.23046900E-11
  0.649999976       1.39176753E-10
  0.659999967       2.04267714E-10
  0.669999957       2.66921263E-10
  0.680000007       3.26166621E-10
  0.689999998       3.81168597E-10
  0.699999988       4.30349423E-10
  0.709999979       4.73435013E-10
  0.719999969       5.09685405E-10
  0.729999959       5.37959566E-10
  0.740000010       5.58408264E-10
  0.750000000       5.70246073E-10
  0.759999990       5.72752790E-10
  0.769999981       5.66500680E-10
  0.779999971       5.51062196E-10
  0.789999962       5.27034472E-10
  0.799999952       4.93291796E-10
  0.810000002       4.51920945E-10
  0.819999993       4.02626571E-10
  0.829999983       3.45864171E-10
  0.839999974       2.82962598E-10
  0.849999964       2.15031548E-10
  0.859999955       1.42734657E-10
  0.870000005       6.71823222E-11
  0.879999995      -1.08612381E-11
  0.889999986      -8.94771549E-11
  0.899999976      -1.67890604E-10
  0.909999967      -2.44881726E-10
  0.919999957      -3.19179849E-10
  0.930000007      -3.88840266E-10
  0.939999998      -4.53573262E-10
  0.949999988      -5.12456411E-10
  0.959999979      -5.63487423E-10
  0.969999969      -6.06596273E-10
  0.979999959      -6.40643483E-10
  0.989999950      -6.65044186E-10
   1.00000000      -6.79312273E-10
   1.00999999      -6.83000878E-10
   1.01999998      -6.76053769E-10
   1.02999997      -6.58087140E-10
   1.03999996      -6.29566621E-10
   1.04999995      -5.90727911E-10
   1.05999994      -5.41580891E-10
   1.06999993      -4.83903528E-10
   1.07999992      -4.17170937E-10
   1.09000003      -3.43508610E-10
   1.10000002      -2.63462280E-10
   1.11000001      -1.77579923E-10
   1.12000000      -8.79555456E-11
   1.13000000       4.04009031E-12
   1.13999999       9.77343692E-11
   1.14999998       1.90523861E-10
   1.15999997       2.82007473E-10
   1.16999996       3.70138864E-10
   1.17999995       4.53109800E-10
   1.18999994       5.30815225E-10
   1.19999993       6.00413441E-10
   1.20999992       6.61842192E-10
   1.22000003       7.13217485E-10
   1.23000002       7.54649954E-10
   1.24000001       7.83770882E-10
   1.25000000       8.01598399E-10
   1.25999999       8.06157141E-10
   1.26999998       7.98812516E-10
   1.27999997       7.77894249E-10
   1.28999996       7.44565909E-10
   1.29999995       6.99197034E-10
   1.30999994       6.41587672E-10
   1.31999993       5.72554837E-10
   1.32999992       4.93874552E-10
   1.33999991       4.06656320E-10
   1.35000002       3.11264459E-10
   1.36000001       2.09096143E-10
   1.37000000       1.02446017E-10
   1.38000000      -7.01012512E-12
   1.38999999      -1.18484583E-10
   1.39999998      -2.29888053E-10
   1.40999997      -3.38765710E-10
   1.41999996      -4.44147635E-10
   1.42999995      -5.43958045E-10
   1.43999994      -6.36667830E-10
   1.44999993      -7.20723536E-10
   1.45999992      -7.94276089E-10
   1.46999991      -8.56890059E-10
   1.48000002      -9.06225150E-10
   1.49000001      -9.42420697E-10
   1.50000000      -9.64004654E-10
   1.50999999      -9.69992087E-10
   1.51999998      -9.61246971E-10
   1.52999997      -9.37142586E-10
   1.53999996      -8.97317831E-10
   1.54999995      -8.43432268E-10
   1.55999994      -7.74540931E-10
   1.56999993      -6.92867652E-10
   1.57999992      -5.98913696E-10
   1.58999991      -4.93299013E-10
   1.59999990      -3.79126147E-10
   1.61000001      -2.56647176E-10
   1.62000000      -1.28453567E-10
   1.63000000       3.34169519E-12
   1.63999999       1.37930070E-10
   1.64999998       2.71760420E-10
   1.65999997       4.03134609E-10
   1.66999996       5.30506084E-10
   1.67999995       6.51147636E-10
   1.68999994       7.63857866E-10
   1.69999993       8.65122529E-10
   1.70999992       9.55212687E-10
   1.71999991       1.03061659E-09
   1.73000002       1.09133047E-09
   1.74000001       1.13555154E-09
   1.75000000       1.16213617E-09
   1.75999999       1.17070686E-09
   1.76999998       1.16084176E-09
   1.77999997       1.13199727E-09
   1.78999996       1.08505016E-09
   1.79999995       1.01935649E-09
   1.80999994       9.37392719E-10
   1.81999993       8.38324077E-10
   1.82999992       7.25461746E-10
   1.83999991       5.98177285E-10
   1.84999990       4.59305011E-10
   1.86000001       3.10937165E-10
   1.87000000       1.56011468E-10
   1.88000000      -4.40203820E-12
   1.88999999      -1.67393432E-10
   1.89999998      -3.30672462E-10
   1.90999997      -4.90804064E-10
   1.91999996      -6.45809628E-10
   1.92999995      -7.93028088E-10
   1.93999994      -9.30043875E-10
   1.94999993      -1.05462472E-09
   1.95999992      -1.16429422E-09
   1.96999991      -1.25699717E-09
   1.97999990      -1.33164069E-09
   1.99000001      -1.38611222E-09
   2.00000000      -1.41961443E-09
   2.00999999      -1.43087031E-09
   2.01999998      -1.41958190E-09
   2.02999997      -1.38555789E-09
   2.03999996      -1.32887112E-09
   2.04999995      -1.25029576E-09
   2.05999994      -1.15069632E-09
   2.06999993      -1.03038611E-09
   2.07999992      -8.92414254E-10
   2.08999991      -7.37863770E-10
   2.09999990      -5.69156500E-10
   2.10999990      -3.88409166E-10
   2.11999989      -1.99038550E-10
   2.12999988      -2.99463774E-12
   2.13999987       1.95736261E-10
   2.14999986       3.95248778E-10
   2.15999985       5.91326432E-10
   2.16999984       7.81586906E-10
   2.18000007       9.62008584E-10
   2.19000006       1.12972931E-09
   2.20000005       1.28291222E-09
   2.21000004       1.41749035E-09
   2.22000003       1.53204849E-09
   2.23000002       1.62379343E-09
   2.24000001       1.69096492E-09
   2.25000000       1.73240078E-09
   2.25999999       1.74676706E-09
   2.26999998       1.73312309E-09
   2.27999997       1.69192627E-09
   2.28999996       1.62283642E-09
   2.29999995       1.52714530E-09
   2.30999994       1.40484457E-09
   2.31999993       1.25862343E-09
   2.32999992       1.08918274E-09
   2.33999991       8.99416541E-10
   2.34999990       6.92389757E-10
   2.35999990       4.71281070E-10
   2.36999989       2.38249420E-10
   2.37999988      -2.56083219E-12
   2.38999987      -2.47158738E-10
   2.39999986      -4.91686469E-10
   2.40999985      -7.32542138E-10
   2.41999984      -9.65563185E-10
   2.42999983      -1.18746346E-09
   2.44000006      -1.39414413E-09
   2.45000005      -1.58140334E-09
   2.46000004      -1.74705994E-09
   2.47000003      -1.88730054E-09
   2.48000002      -1.99990713E-09
   2.49000001      -2.08195639E-09
   2.50000000      -2.13263052E-09
   2.50999999      -2.15012119E-09
   2.51999998      -2.13263340E-09
   2.52999997      -2.08139062E-09
   2.53999996      -1.99623340E-09
   2.54999995      -1.87735671E-09
   2.55999994      -1.72672077E-09
   2.56999993      -1.54591173E-09
   2.57999992      -1.33725708E-09
   2.58999991      -1.10405762E-09
   2.59999990      -8.49235682E-10
   2.60999990      -5.76878489E-10
   2.61999989      -2.91164343E-10
   2.62999988       3.96610522E-12
   2.63999987       3.04116732E-10
   2.64999986       6.03405381E-10
   2.65999985       8.98710051E-10
   2.66999984       1.18329035E-09
   2.67999983       1.45336521E-09
   2.69000006       1.70488290E-09
   2.70000005       1.93269112E-09
   2.71000004       2.13269225E-09
   2.72000003       2.30189112E-09
   2.73000002       2.43573961E-09
   2.74000001       2.53349786E-09
   2.75000000       2.59111110E-09
   2.75999999       2.60872657E-09
   2.76999998       2.58387178E-09
   2.77999997       2.51737897E-09
   2.78999996       2.40909359E-09
   2.79999995       2.26051333E-09
   2.80999994       2.07305706E-09
   2.81999993       1.84942361E-09
   2.82999992       1.59258995E-09
   2.83999991       1.30661915E-09
   2.84999990       9.95298066E-10
   2.85999990       6.63908262E-10
   2.86999989       3.16626114E-10
   2.87999988      -4.02051448E-11
   2.88999987      -4.01186834E-10
   2.89999986      -7.60611241E-10
   2.90999985      -1.11229892E-09
   2.91999984      -1.45069268E-09
   2.92999983      -1.76996939E-09
   2.93999982      -2.06458628E-09
   2.95000005      -2.32913377E-09
   2.96000004      -2.55912713E-09
   2.97000003      -2.75045520E-09
   2.98000002      -2.89886426E-09
   2.99000001      -3.00183789E-09
   3.00000000      -3.05725623E-09
   3.00999999      -3.06315995E-09
   3.01999998      -3.01928105E-09
   3.02999997      -2.92555291E-09
   3.03999996      -2.78305090E-09
   3.04999995      -2.59358335E-09
   3.05999994      -2.35980324E-09
   3.06999993      -2.08522599E-09
   3.07999992      -1.77469750E-09
   3.08999991      -1.43201662E-09
   3.09999990      -1.06310027E-09
   3.10999990      -6.74610923E-10
   3.11999989      -2.71806466E-10
   3.12999988       1.37547376E-10
   3.13999987       5.46503010E-10
   3.14999986       9.48528589E-10
   3.15999985       1.33563216E-09
   3.16999984       1.70307934E-09
   3.17999983       2.04207828E-09
   3.18999982       2.34721576E-09
   3.19999981       2.61323718E-09
   3.21000004       2.83498158E-09
   3.22000003       3.00875258E-09
   3.23000002       3.13100346E-09
   3.24000001       3.19844551E-09
   3.25000000       3.21111804E-09
   3.25999999       3.16731263E-09
   3.26999998       3.06902614E-09
   3.27999997       2.91720270E-09
   3.28999996       2.71423328E-09
   3.29999995       2.46467757E-09
   3.30999994       2.17291674E-09
   3.31999993       1.84552262E-09
   3.32999992       1.48720680E-09
   3.33999991       1.10625986E-09
   3.34999990       7.09320047E-10
   3.35999990       3.05785064E-10
   3.36999989      -9.76790940E-11
   3.37999988      -4.91192920E-10
   3.38999987      -8.68025929E-10
   3.39999986      -1.22007926E-09
   3.40999985      -1.53943946E-09
   3.41999984      -1.81906612E-09
   3.42999983      -2.05343986E-09
   3.43999982      -2.23790986E-09
   3.44999981      -2.36827957E-09
   3.46000004      -2.44102538E-09
   3.47000003      -2.45631848E-09
   3.48000002      -2.41256237E-09
   3.49000001      -2.31261366E-09
   3.50000000      -2.15847384E-09
   3.50999999      -1.95488004E-09
   3.51999998      -1.70719749E-09
   3.52999997      -1.42224699E-09
   3.53999996      -1.10883969E-09
   3.54999995      -7.75263798E-10
   3.55999994      -4.32763075E-10
   3.56999993      -9.02718386E-11
   3.57999992       2.39734760E-10
   3.58999991       5.47654200E-10
   3.59999990       8.22344082E-10
   3.60999990       1.05384201E-09
   3.61999989       1.23289057E-09
   3.62999988       1.35159828E-09
   3.63999987       1.40323120E-09
   3.64999986       1.38373768E-09
   3.65999985       1.29050393E-09
   3.66999984       1.12278442E-09
   3.67999983       8.84607332E-10
   3.68999982       5.79879422E-10
   3.69999981       2.17649149E-10
   3.70999980      -1.92048488E-10
   3.72000003      -6.35427544E-10
   3.73000002      -1.09557274E-09
   3.74000001      -1.55349023E-09
   3.75000000      -1.98892658E-09
   3.75999999      -2.37981590E-09
   3.76999998      -2.70411471E-09
   3.77999997      -2.93729907E-09
   3.78999996      -3.05697312E-09
   3.79999995      -3.04302716E-09
   3.80999994      -2.87740387E-09
   3.81999993      -2.54744559E-09
   3.82999992      -2.04480788E-09
   3.83999991      -1.36871314E-09
   3.84999990      -5.27762001E-10
   3.85999990       4.58126120E-10
   3.86999989       1.55822655E-09
   3.87999988       2.72510592E-09
   3.88999987       3.89705646E-09
   3.89999986       4.98954789E-09
   3.90999985       5.90256555E-09
   3.91999984       6.50782717E-09
   3.92999983       6.65412792E-09
   3.93999982       6.16244833E-09
   3.94999981       4.82415397E-09
   3.95999980       2.39817055E-09
   3.97000003      -1.38892131E-09
   3.98000002      -6.84707047E-09
   3.99000001      -1.43205368E-08
   4.00000000      -2.41955131E-08
   4.00999975      -3.68933009E-08
   4.01999998      -5.28778301E-08
   4.02999973      -7.26526608E-08
   4.03999996      -9.67617950E-08
   4.04999971      -1.25790066E-07
   4.05999994      -1.60362106E-07
   4.06999969      -2.01141390E-07
   4.07999992      -2.48827746E-07
   4.08999968      -3.04157481E-07
   4.09999990      -3.67900924E-07
   4.11000013      -4.40855132E-07
   4.11999989      -5.23848371E-07
   4.13000011      -6.17727949E-07
   4.13999987      -7.23362234E-07
   4.15000010      -8.41632300E-07
   4.15999985      -9.73427973E-07
   4.17000008      -1.11964141E-06
   4.17999983      -1.28116142E-06
   4.19000006      -1.45886486E-06
   4.19999981      -1.65361439E-06
   4.21000004      -1.86624334E-06
   4.21999979      -2.09755626E-06
   4.23000002      -2.34831600E-06
   4.23999977      -2.61923515E-06
   4.25000000      -2.91097081E-06
   4.25999975      -3.22411279E-06
   4.26999998      -3.55917700E-06
   4.27999973      -3.91659796E-06
   4.28999996      -4.29671582E-06
   4.29999971      -4.69977476E-06
   4.30999994      -5.12590714E-06
   4.31999969      -5.57513340E-06
   4.32999992      -6.04734987E-06
   4.33999968      -6.54232417E-06
   4.34999990      -7.05968569E-06
   4.36000013      -7.59892464E-06
   4.36999989      -8.15938074E-06
   4.38000011      -8.74024863E-06
   4.38999987      -9.34056425E-06
   4.40000010      -9.95920618E-06
   4.40999985      -1.05948939E-05
   4.42000008      -1.12461894E-05
   4.42999983      -1.19114929E-05
   4.44000006      -1.25890501E-05
   4.44999981      -1.32769492E-05
   4.46000004      -1.39731255E-05
   4.46999979      -1.46753682E-05
   4.48000002      -1.53813289E-05
   4.48999977      -1.60885174E-05
   4.50000000      -1.67943290E-05
   4.50999975      -1.74960351E-05
   4.51999998      -1.81907999E-05
   4.52999973      -1.88756985E-05
   4.53999996      -1.95477205E-05
   4.54999971      -2.02037900E-05
   4.55999994      -2.08407728E-05
   4.56999969      -2.14555021E-05
   4.57999992      -2.20447855E-05
   4.58999968      -2.26054199E-05
   4.59999990      -2.31342183E-05
   4.61000013      -2.36280248E-05
   4.61999989      -2.40837235E-05
   4.63000011      -2.44982675E-05
   4.63999987      -2.48686865E-05
   4.65000010      -2.51921228E-05
   4.65999985      -2.54658280E-05
   4.67000008      -2.56871936E-05
   4.67999983      -2.58537711E-05
   4.69000006      -2.59632761E-05
   4.69999981      -2.60136112E-05
   4.71000004      -2.60028955E-05
   4.71999979      -2.59294538E-05
   4.73000002      -2.57918473E-05
   4.73999977      -2.55888808E-05
   4.75000000      -2.53196176E-05
   4.75999975      -2.49833884E-05
   4.76999998      -2.45797892E-05
   4.77999973      -2.41087128E-05
   4.78999996      -2.35703283E-05
   4.79999971      -2.29651014E-05
   4.80999994      -2.22937906E-05
   4.81999969      -2.15574546E-05
   4.82999992      -2.07574358E-05
   4.83999968      -1.98953749E-05
   4.84999990      -1.89732054E-05
   4.85999966      -1.79931285E-05
   4.86999989      -1.69576251E-05
   4.88000011      -1.58694420E-05
   4.88999987      -1.47315750E-05
   4.90000010      -1.35472565E-05
   4.90999985      -1.23199534E-05
   4.92000008      -1.10533310E-05
   4.92999983      -9.75125113E-06
   4.94000006      -8.41775545E-06
   4.94999981      -7.05703496E-06
   4.96000004      -5.67341522E-06
   4.96999979      -4.27133864E-06
   4.98000002      -2.85533838E-06
   4.98999977      -1.43001807E-06
   5.00000000      -2.10874703E-11
   5.00999975       1.42997226E-06
   5.01999998       2.85529336E-06
   5.02999973       4.27129362E-06
   5.03999996       5.67337065E-06
   5.04999971       7.05698994E-06
   5.05999994       8.41771180E-06
   5.06999969       9.75120838E-06
   5.07999992       1.10532874E-05
   5.08999968       1.23199115E-05
   5.09999990       1.35472201E-05
   5.10999966       1.47315368E-05
   5.11999989       1.58694056E-05
   5.13000011       1.69575906E-05
   5.13999987       1.79930939E-05
   5.15000010       1.89731709E-05
   5.15999985       1.98953458E-05
   5.17000008       2.07574049E-05
   5.17999983       2.15574255E-05
   5.19000006       2.22937651E-05
   5.19999981       2.29650796E-05
   5.21000004       2.35703083E-05
   5.21999979       2.41086946E-05
   5.23000002       2.45797728E-05
   5.23999977       2.49833720E-05
   5.25000000       2.53196049E-05
   5.25999975       2.55888699E-05
   5.26999998       2.57918346E-05
   5.27999973       2.59294447E-05
   5.28999996       2.60028901E-05
   5.29999971       2.60136057E-05
   5.30999994       2.59632707E-05
   5.31999969       2.58537711E-05
   5.32999992       2.56871936E-05
   5.33999968       2.54658298E-05
   5.34999990       2.51921265E-05
   5.35999966       2.48686920E-05
   5.36999989       2.44982712E-05
   5.38000011       2.40837308E-05
   5.38999987       2.36280321E-05
   5.40000010       2.31342274E-05
   5.40999985       2.26054290E-05
   5.42000008       2.20447946E-05
   5.42999983       2.14555148E-05
   5.44000006       2.08407837E-05
   5.44999981       2.02038009E-05
   5.46000004       1.95477332E-05
   5.46999979       1.88757094E-05
   5.48000002       1.81908126E-05
   5.48999977       1.74960478E-05
   5.50000000       1.67943435E-05
   5.50999975       1.60885320E-05
   5.51999998       1.53813417E-05
   5.52999973       1.46753819E-05
   5.53999996       1.39731374E-05
   5.54999971       1.32769610E-05
   5.55999994       1.25890629E-05
   5.56999969       1.19115048E-05
   5.57999992       1.12462003E-05
   5.58999968       1.05949066E-05
   5.59999990       9.95921800E-06
   5.60999966       9.34057425E-06
   5.61999989       8.74026136E-06
   5.62999964       8.15939256E-06
   5.63999987       7.59893419E-06
   5.65000010       7.05969387E-06
   5.65999985       6.54233236E-06
   5.67000008       6.04735760E-06
   5.67999983       5.57514068E-06
   5.69000006       5.12591350E-06
   5.69999981       4.69977977E-06
   5.71000004       4.29672082E-06
   5.71999979       3.91660160E-06
   5.73000002       3.55918064E-06
   5.73999977       3.22411574E-06
   5.75000000       2.91097376E-06
   5.75999975       2.61923742E-06
   5.76999998       2.34831782E-06
   5.77999973       2.09755785E-06
   5.78999996       1.86624368E-06
   5.79999971       1.65361371E-06
   5.80999994       1.45886452E-06
   5.81999969       1.28116062E-06
   5.82999992       1.11963993E-06
   5.83999968       9.73426722E-07
   5.84999990       8.41630992E-07
   5.85999966       7.23359790E-07
   5.86999989       6.17725789E-07
   5.87999964       5.23845699E-07
   5.88999987       4.40852432E-07
   5.90000010       3.67897115E-07
   5.90999985       3.04154099E-07
   5.92000008       2.48824279E-07
   5.92999983       2.01137752E-07
   5.94000006       1.60358596E-07
   5.94999981       1.25786400E-07
   5.96000004       9.67582920E-08
   5.96999979       7.26486888E-08
   5.98000002       5.28737480E-08
   5.98999977       3.68894355E-08
   6.00000000       2.41908964E-08
   6.00999975       1.43165009E-08
   6.01999998       6.84263979E-09
   6.02999973       1.38509104E-09
   6.03999996      -2.40245357E-09
   6.04999971      -4.82793450E-09
   6.05999994      -6.16687101E-09
   6.06999969      -6.65805100E-09
   6.07999992      -6.51168142E-09
   6.08999968      -5.90584825E-09
   6.09999990      -4.99392527E-09
   6.10999966      -3.90031207E-09
   6.11999989      -2.72874745E-09
   6.12999964      -1.56144719E-09
   6.13999987      -4.61603616E-10
   6.15000010       5.24644272E-10
   6.15999985       1.36517553E-09
   6.17000008       2.04122830E-09
   6.17999983       2.54377408E-09
   6.19000006       2.87423685E-09
   6.19999981       3.03962677E-09
   6.21000004       3.05365977E-09
   6.21999979       2.93394842E-09
   6.23000002       2.70119971E-09
   6.23999977       2.37719533E-09
   6.25000000       1.98623384E-09
   6.25999975       1.54996216E-09
   6.26999998       1.09220055E-09
   6.27999973       6.32198627E-10
   6.28999996       1.89404978E-10
   6.29999971      -2.20274243E-10
   6.30999994      -5.82544735E-10
   6.31999969      -8.86854257E-10
   6.32999992      -1.12528287E-09
   6.33999968      -1.29267974E-09
   6.34999990      -1.38596434E-09
   6.35999966      -1.40586409E-09
   6.36999989      -1.35373135E-09
   6.37999964      -1.23508181E-09
   6.38999987      -1.05640474E-09
   6.39999962      -8.24883772E-10
   6.40999985      -5.49787327E-10
   6.42000008      -2.42114079E-10
   6.42999983       8.87243751E-11
   6.44000006       4.30789349E-10
   6.44999981       7.73693276E-10
   6.46000004       1.10692255E-09
   6.46999979       1.42015644E-09
   6.48000002       1.70519354E-09
   6.48999977       1.95299865E-09
   6.50000000       2.15656826E-09
   6.50999975       2.31087793E-09
   6.51999998       2.41134734E-09
   6.52999973       2.45477061E-09
   6.53999996       2.44007015E-09
   6.54999971       2.36650921E-09
   6.55999994       2.23677454E-09
   6.56999969       2.05249018E-09
   6.57999992       1.81809734E-09
   6.58999968       1.53816537E-09
   6.59999990       1.21922750E-09
   6.60999966       8.67675654E-10
   6.61999989       4.90790963E-10
   6.62999964       9.62780272E-11
   6.63999987      -3.06582648E-10
   6.64999962      -7.10369152E-10
   6.65999985      -1.10625442E-09
   6.67000008      -1.48751667E-09
   6.67999983      -1.84525861E-09
   6.69000006      -2.17322516E-09
   6.69999981      -2.46521337E-09
   6.71000004      -2.71402234E-09
   6.71999979      -2.91696889E-09
   6.73000002      -3.06856873E-09
   6.73999977      -3.16716142E-09
   6.75000000      -3.21044458E-09
   6.75999975      -3.19778581E-09
   6.76999998      -3.13020521E-09
   6.77999973      -3.00837666E-09
   6.78999996      -2.83451485E-09
   6.79999971      -2.61260613E-09
   6.80999994      -2.34649589E-09
   6.81999969      -2.04122119E-09
   6.82999992      -1.70209258E-09
   6.83999968      -1.33505662E-09
   6.84999990      -9.47781076E-10
   6.85999966      -5.45304746E-10
   6.86999989      -1.36161443E-10
   6.87999964       2.72923267E-10
   6.88999987       6.75553113E-10
   6.89999962       1.06434916E-09
   6.90999985       1.43344403E-09
   6.92000008       1.77572268E-09
   6.92999983       2.08711937E-09
   6.94000006       2.36162800E-09
   6.94999981       2.59540567E-09
   6.96000004       2.78471557E-09
   6.96999979       2.92722491E-09
   6.98000002       3.02097769E-09
   6.98999977       3.06495407E-09
   7.00000000       3.05886272E-09
   7.00999975       3.00364822E-09
   7.01999998       2.90063928E-09
   7.02999973       2.75182610E-09
   7.03999996       2.56105115E-09
   7.04999971       2.33096697E-09
   7.05999994       2.06669060E-09
   7.06999969       1.77196180E-09
   7.07999992       1.45274615E-09
   7.08999968       1.11409926E-09
   7.09999990       7.62377494E-10
   7.10999966       4.02849892E-10
   7.11999989       4.17700492E-11
   7.12999964      -3.14980014E-10
   7.13999987      -6.61800337E-10
   7.14999962      -9.93994664E-10
   7.15999985      -1.30553290E-09
   7.17000008      -1.59125768E-09
   7.17999983      -1.84786286E-09
   7.19000006      -2.07187312E-09
   7.19999981      -2.25927699E-09
   7.21000004      -2.40778508E-09
   7.21999979      -2.51630738E-09
   7.23000002      -2.58280619E-09
   7.23999977      -2.60724176E-09
   7.25000000      -2.59052868E-09
   7.25999975      -2.53222288E-09
   7.26999998      -2.43505904E-09
   7.27999973      -2.30056330E-09
   7.28999996      -2.13165507E-09
   7.29999971      -1.93180227E-09
   7.30999994      -1.70406578E-09
   7.31999969      -1.45311041E-09
   7.32999992      -1.18254706E-09
   7.33999968      -8.98014663E-10
   7.34999990      -6.03558981E-10
   7.35999966      -3.03634562E-10
   7.36999989      -4.28795064E-12
   7.37999964       2.91393909E-10
   7.38999987       5.77243975E-10
   7.39999962       8.49251724E-10
   7.40999985       1.10401532E-09
   7.41999960       1.33731459E-09
   7.42999983       1.54567603E-09
   7.44000006       1.72646664E-09
   7.44999981       1.87671167E-09
   7.46000004       1.99563654E-09
   7.46999979       2.08121675E-09
   7.48000002       2.13248086E-09
   7.48999977       2.14918905E-09
   7.50000000       2.13202589E-09
   7.50999975       2.08193618E-09
   7.51999998       1.99899408E-09
   7.52999973       1.88648897E-09
   7.53999996       1.74637516E-09
   7.54999971       1.58086910E-09
   7.55999994       1.39329770E-09
   7.56999969       1.18652155E-09
   7.57999992       9.64725633E-10
   7.58999968       7.31438687E-10
   7.59999990       4.90224250E-10
   7.60999966       2.45880649E-10
   7.61999989       1.22715412E-12
   7.62999964      -2.39207071E-10
   7.63999987      -4.72352546E-10
   7.64999962      -6.94052982E-10
   7.65999985      -9.01092145E-10
   7.66999960      -1.09070908E-09
   7.67999983      -1.25996569E-09
   7.69000006      -1.40628520E-09
   7.69999981      -1.52869850E-09
   7.71000004      -1.62457248E-09
   7.71999979      -1.69383940E-09
   7.73000002      -1.73500003E-09
   7.73999977      -1.74839732E-09
   7.75000000      -1.73403181E-09
   7.75999975      -1.69268943E-09
   7.76999998      -1.62558167E-09
   7.77999973      -1.53351443E-09
   7.78999996      -1.41946477E-09
   7.79999971      -1.28483058E-09
   7.80999994      -1.13186649E-09
   7.81999969      -9.63987001E-10
   7.82999992      -7.83262843E-10
   7.83999968      -5.92943750E-10
   7.84999990      -3.97029770E-10
   7.85999966      -1.97722352E-10
   7.86999989       1.32974512E-12
   7.87999964       1.97381306E-10
   7.88999987       3.86981586E-10
   7.89999962       5.67710601E-10
   7.90999985       7.36508410E-10
   7.91999960       8.90988894E-10
   7.92999983       1.02892428E-09
   7.94000006       1.14846266E-09
   7.94999981       1.24887367E-09
   7.96000004       1.32750277E-09
   7.96999979       1.38412370E-09
   7.98000002       1.41812539E-09
   7.98999977       1.42938328E-09
   8.00000000       1.41836665E-09
   8.01000023       1.38498402E-09
   8.01999950       1.33061517E-09
   8.02999973       1.25601984E-09
   8.03999996       1.16305732E-09
   8.05000019       1.05351083E-09
   8.05999947       9.29060440E-10
   8.06999969       7.91974042E-10
   8.07999992       6.44965858E-10
   8.09000015       4.89740359E-10
   8.09999943       3.29591354E-10
   8.10999966       1.66916175E-10
   8.11999989       3.73115341E-12
   8.13000011      -1.56442928E-10
   8.13999939      -3.11908249E-10
   8.14999962      -4.59712823E-10
   8.15999985      -5.98416816E-10
   8.17000008      -7.25384586E-10
   8.17999935      -8.39081971E-10
   8.18999958      -9.37645517E-10
   8.19999981      -1.01986253E-09
   8.21000004      -1.08516029E-09
   8.22000027      -1.13214593E-09
   8.22999954      -1.16096355E-09
   8.23999977      -1.17078136E-09
   8.25000000      -1.16242660E-09
   8.26000023      -1.13552223E-09
   8.26999950      -1.09163756E-09
   8.27999973      -1.03104969E-09
   8.28999996      -9.55064805E-10
   8.30000019      -8.65097771E-10
   8.30999947      -7.63681507E-10
   8.31999969      -6.51051213E-10
   8.32999992      -5.30681943E-10
   8.34000015      -4.03567707E-10
   8.34999943      -2.71710709E-10
   8.35999966      -1.37136011E-10
   8.36999989      -3.52668632E-12
   8.38000011       1.28409339E-10
   8.38999939       2.56782429E-10
   8.39999962       3.79423937E-10
   8.40999985       4.93513619E-10
   8.42000008       5.98785632E-10
   8.42999935       6.93055779E-10
   8.43999958       7.74906361E-10
   8.44999981       8.43413506E-10
   8.46000004       8.97632857E-10
   8.47000027       9.37215527E-10
   8.47999954       9.61512980E-10
   8.48999977       9.70380221E-10
   8.50000000       9.64111679E-10
   8.51000023       9.42159017E-10
   8.51999950       9.06322073E-10
   8.52999973       8.57099225E-10
   8.53999996       7.94497246E-10
   8.55000019       7.20993376E-10
   8.55999947       6.36672548E-10
   8.56999969       5.44144729E-10
   8.57999992       4.44534354E-10
   8.59000015       3.39010292E-10
   8.59999943       2.30061387E-10
   8.60999966       1.18860768E-10
   8.61999989       7.39626936E-12
   8.63000011      -1.01886992E-10
   8.63999939      -2.09131573E-10
   8.64999962      -3.10670545E-10
   8.65999985      -4.05863315E-10
   8.67000008      -4.93339036E-10
   8.67999935      -5.72166037E-10
   8.68999958      -6.40953124E-10
   8.69999981      -6.98652414E-10
   8.71000004      -7.44034057E-10
   8.72000027      -7.77164222E-10
   8.72999954      -7.97648225E-10
   8.73999977      -8.05407130E-10
   8.75000000      -8.00340294E-10
   8.76000023      -7.83291820E-10
   8.76999950      -7.53092588E-10
   8.77999973      -7.11922576E-10
   8.78999996      -6.60303867E-10
   8.80000019      -5.99571837E-10
   8.80999947      -5.29507771E-10
   8.81999969      -4.51686993E-10
   8.82999992      -3.68293340E-10
   8.84000015      -2.80286738E-10
   8.84999943      -1.89006699E-10
   8.85999966      -9.62179225E-11
   8.86999989      -2.35115464E-12
   8.88000011       8.95504296E-11
   8.88999939       1.78972823E-10
   8.89999962       2.64702926E-10
   8.90999985       3.45018930E-10
   8.92000008       4.18932888E-10
   8.92999935       4.85348539E-10
   8.93999958       5.43606493E-10
   8.94999981       5.92065008E-10
   8.96000004       6.31122210E-10
   8.97000027       6.59773902E-10
   8.97999954       6.77645384E-10
   8.98999977       6.84491075E-10
   9.00000000       6.80807188E-10
   9.01000023       6.66725453E-10
   9.01999950       6.42312259E-10
   9.02999973       6.08074702E-10
   9.03999996       5.65274383E-10
   9.05000019       5.13730225E-10
   9.05999947       4.55118776E-10
   9.06999969       3.90520283E-10
   9.07999992       3.20153043E-10
   9.09000015       2.45998666E-10
   9.09999943       1.69150735E-10
   9.10999966       9.04954514E-11
   9.11999989       1.20184262E-11
   9.13000011      -6.59856614E-11
   9.13999939      -1.41809869E-10
   9.14999962      -2.14431195E-10
   9.15999985      -2.82388640E-10
   9.17000008      -3.45325657E-10
   9.17999935      -4.02002459E-10
   9.18999958      -4.51141374E-10
   9.19999981      -4.92832608E-10
   9.21000004      -5.26290400E-10
   9.22000027      -5.50778312E-10
   9.22999954      -5.66546809E-10
   9.23999977      -5.73031123E-10
   9.25000000      -5.70301195E-10
   9.26000023      -5.58921576E-10
   9.26999950      -5.38455780E-10
   9.27999973      -5.10155196E-10
   9.28999996      -4.74753292E-10
   9.30000019      -4.30806529E-10
   9.30999947      -3.81655985E-10
   9.31999969      -3.27418093E-10
   9.32999992      -2.67825095E-10
   9.34000015      -2.05310061E-10
   9.34999943      -1.40327028E-10
   9.35999966      -7.35744798E-11
   9.36999989      -6.93835310E-12
   9.38000011       5.93718130E-11
   9.38999939       1.23539942E-10
   9.39999962       1.84960658E-10
   9.40999985       2.43238180E-10
   9.42000008       2.96742658E-10
   9.42999935       3.44682477E-10
   9.43999958       3.86801535E-10
   9.44999981       4.22680752E-10
   9.46000004       4.50713550E-10
   9.46999931       4.71947703E-10
   9.47999954       4.85172458E-10
   9.48999977       4.90807006E-10
   9.50000000       4.89130625E-10
   9.51000023       4.78560080E-10
   9.51999950       4.61796296E-10
   9.52999973       4.37628461E-10
   9.53999996       4.06755130E-10
   9.55000019       3.70247277E-10
   9.55999947       3.27825544E-10
   9.56999969       2.81259405E-10
   9.57999992       2.30642033E-10
   9.59000015       1.77416942E-10
   9.59999943       1.21165064E-10
   9.60999966       6.46337844E-11
   9.61999989       7.77654330E-12
   9.63000011      -4.91738317E-11
   9.63999939      -1.04587519E-10
   9.64999962      -1.57393515E-10
   9.65999985      -2.07498671E-10
   9.67000008      -2.53505994E-10
   9.67999935      -2.94204799E-10
   9.68999958      -3.30805772E-10
   9.69999981      -3.60980634E-10
   9.71000004      -3.86126325E-10
   9.71999931      -4.03728329E-10
   9.72999954      -4.15462997E-10
   9.73999977      -4.20678409E-10
   9.75000000      -4.18908880E-10
   9.76000023      -4.09875051E-10
   9.76999950      -3.95486116E-10
   9.77999973      -3.74764192E-10
   9.78999996      -3.47988666E-10
   9.80000019      -3.16090876E-10
   9.80999947      -2.80095253E-10
   9.81999969      -2.39070486E-10
   9.82999992      -1.94460142E-10
   9.84000015      -1.48871915E-10
   9.84999943      -1.00256872E-10
   9.85999966      -5.08036460E-11
   9.86999989      -9.77888668E-13
   9.88000011       4.80096761E-11
   9.88999939       9.69041097E-11
   9.89999962       1.42771753E-10
   9.90999985       1.86334365E-10
   9.92000008       2.26264812E-10
   9.92999935       2.63005479E-10
   9.93999958       2.94158226E-10
   9.94999981       3.21678822E-10
   9.96000004       3.43273854E-10
   9.96999931       3.59537067E-10
   9.97999954       3.70491748E-10
   9.98999977       3.75395742E-10
