monx mony
0.00000000      -0.00000000
   9.99999978E-03  -0.00000000
   1.99999996E-02  -0.00000000
   2.99999993E-02  -0.00000000
   3.99999991E-02  -0.00000000
   4.99999970E-02  -0.00000000
   5.99999987E-02  -0.00000000
   7.00000003E-02  -0.00000000
   7.99999982E-02  -0.00000000
   8.99999961E-02  -0.00000000
   9.99999940E-02  -0.00000000
  0.109999999      -0.00000000
  0.119999997      -0.00000000
  0.129999995      -0.00000000
  0.140000001      -0.00000000
  0.149999991      -0.00000000
  0.159999996      -0.00000000
  0.170000002      -0.00000000
  0.179999992      -0.00000000
  0.189999998      -0.00000000
  0.199999988      -0.00000000
  0.209999993      -0.00000000
  0.219999999      -0.00000000
  0.229999989      -0.00000000
  0.239999995      -0.00000000
  0.250000000      -0.00000000
  0.259999990      -0.00000000
  0.269999981      -0.00000000
  0.280000001      -0.00000000
  0.289999992      -0.00000000
  0.299999982      -0.00000000
  0.310000002      -0.00000000
  0.319999993      -0.00000000
  0.329999983      -0.00000000
  0.340000004      -0.00000000
  0.349999994      -0.00000000
  0.359999985      -0.00000000
  0.370000005      -0.00000000
  0.379999995      -0.00000000
  0.389999986      -0.00000000
  0.399999976      -0.00000000
  0.409999996      -0.00000000
  0.419999987      -0.00000000
  0.429999977      -0.00000000
  0.439999998      -0.00000000
  0.449999988      -0.00000000
  0.459999979      -0.00000000
  0.469999999      -0.00000000
  0.479999989      -0.00000000
  0.489999980      -0.00000000
  0.500000000      -0.00000000
  0.509999990      -0.00000000
  0.519999981      -0.00000000
  0.529999971      -0.00000000
  0.539999962      -0.00000000
  0.550000012      -0.00000000
  0.560000002      -0.00000000
  0.569999993      -0.00000000
  0.579999983      -0.00000000
  0.589999974      -0.00000000
  0.599999964      -0.00000000
  0.610000014      -0.00000000
  0.620000005      -0.00000000
  0.629999995      -0.00000000
  0.639999986      -0.00000000
  0.649999976      -0.00000000
  0.659999967      -0.00000000
  0.669999957      -0.00000000
  0.680000007      -0.00000000
  0.689999998      -0.00000000
  0.699999988      -0.00000000
  0.709999979      -0.00000000
  0.719999969      -0.00000000
  0.729999959      -0.00000000
  0.740000010      -0.00000000
  0.750000000      -0.00000000
  0.759999990      -0.00000000
  0.769999981      -0.00000000
  0.779999971      -0.00000000
  0.789999962      -0.00000000
  0.799999952      -0.00000000
  0.810000002      -0.00000000
  0.819999993      -0.00000000
  0.829999983      -0.00000000
  0.839999974      -0.00000000
  0.849999964      -0.00000000
  0.859999955      -0.00000000
  0.870000005      -0.00000000
  0.879999995      -0.00000000
  0.889999986      -0.00000000
  0.899999976      -0.00000000
  0.909999967      -0.00000000
  0.919999957      -0.00000000
  0.930000007      -0.00000000
  0.939999998      -0.00000000
  0.949999988      -0.00000000
  0.959999979      -0.00000000
  0.969999969      -0.00000000
  0.979999959      -0.00000000
  0.989999950      -0.00000000
   1.00000000      -0.00000000
   1.00999999      -0.00000000
   1.01999998      -0.00000000
   1.02999997      -0.00000000
   1.03999996      -0.00000000
   1.04999995      -0.00000000
   1.05999994      -0.00000000
   1.06999993      -0.00000000
   1.07999992      -0.00000000
   1.09000003      -0.00000000
   1.10000002      -0.00000000
   1.11000001      -0.00000000
   1.12000000      -0.00000000
   1.13000000      -0.00000000
   1.13999999      -0.00000000
   1.14999998      -0.00000000
   1.15999997      -0.00000000
   1.16999996      -0.00000000
   1.17999995      -0.00000000
   1.18999994      -0.00000000
   1.19999993      -0.00000000
   1.20999992      -0.00000000
   1.22000003      -0.00000000
   1.23000002      -0.00000000
   1.24000001      -0.00000000
   1.25000000      -0.00000000
   1.25999999      -0.00000000
   1.26999998      -0.00000000
   1.27999997      -0.00000000
   1.28999996      -0.00000000
   1.29999995      -0.00000000
   1.30999994      -0.00000000
   1.31999993      -0.00000000
   1.32999992      -0.00000000
   1.33999991      -0.00000000
   1.35000002      -0.00000000
   1.36000001      -0.00000000
   1.37000000      -0.00000000
   1.38000000      -0.00000000
   1.38999999      -0.00000000
   1.39999998      -0.00000000
   1.40999997      -0.00000000
   1.41999996      -0.00000000
   1.42999995      -0.00000000
   1.43999994      -0.00000000
   1.44999993      -0.00000000
   1.45999992      -0.00000000
   1.46999991      -0.00000000
   1.48000002      -0.00000000
   1.49000001      -0.00000000
   1.50000000      -0.00000000
   1.50999999      -0.00000000
   1.51999998      -0.00000000
   1.52999997      -0.00000000
   1.53999996      -0.00000000
   1.54999995      -0.00000000
   1.55999994      -0.00000000
   1.56999993      -0.00000000
   1.57999992      -0.00000000
   1.58999991      -0.00000000
   1.59999990      -0.00000000
   1.61000001      -0.00000000
   1.62000000      -0.00000000
   1.63000000      -0.00000000
   1.63999999      -0.00000000
   1.64999998      -0.00000000
   1.65999997      -0.00000000
   1.66999996      -0.00000000
   1.67999995      -0.00000000
   1.68999994      -0.00000000
   1.69999993      -0.00000000
   1.70999992      -0.00000000
   1.71999991      -0.00000000
   1.73000002      -0.00000000
   1.74000001      -0.00000000
   1.75000000      -0.00000000
   1.75999999      -0.00000000
   1.76999998      -0.00000000
   1.77999997      -0.00000000
   1.78999996      -0.00000000
   1.79999995      -0.00000000
   1.80999994      -0.00000000
   1.81999993      -0.00000000
   1.82999992      -0.00000000
   1.83999991      -0.00000000
   1.84999990      -0.00000000
   1.86000001      -0.00000000
   1.87000000      -0.00000000
   1.88000000      -0.00000000
   1.88999999      -0.00000000
   1.89999998      -0.00000000
   1.90999997      -0.00000000
   1.91999996      -0.00000000
   1.92999995      -0.00000000
   1.93999994      -0.00000000
   1.94999993      -0.00000000
   1.95999992      -0.00000000
   1.96999991      -0.00000000
   1.97999990      -0.00000000
   1.99000001      -0.00000000
   2.00000000      -0.00000000
   2.00999999      -0.00000000
   2.01999998      -0.00000000
   2.02999997      -0.00000000
   2.03999996      -0.00000000
   2.04999995      -0.00000000
   2.05999994      -0.00000000
   2.06999993      -0.00000000
   2.07999992      -0.00000000
   2.08999991      -0.00000000
   2.09999990      -0.00000000
   2.10999990      -0.00000000
   2.11999989      -0.00000000
   2.12999988      -0.00000000
   2.13999987      -0.00000000
   2.14999986      -0.00000000
   2.15999985      -0.00000000
   2.16999984      -0.00000000
   2.18000007      -0.00000000
   2.19000006      -0.00000000
   2.20000005      -0.00000000
   2.21000004      -0.00000000
   2.22000003      -0.00000000
   2.23000002      -0.00000000
   2.24000001      -0.00000000
   2.25000000      -0.00000000
   2.25999999      -0.00000000
   2.26999998      -0.00000000
   2.27999997      -0.00000000
   2.28999996      -0.00000000
   2.29999995      -0.00000000
   2.30999994      -0.00000000
   2.31999993      -0.00000000
   2.32999992      -0.00000000
   2.33999991      -0.00000000
   2.34999990      -0.00000000
   2.35999990      -0.00000000
   2.36999989      -0.00000000
   2.37999988      -0.00000000
   2.38999987      -0.00000000
   2.39999986      -0.00000000
   2.40999985      -0.00000000
   2.41999984      -0.00000000
   2.42999983      -0.00000000
   2.44000006      -0.00000000
   2.45000005      -0.00000000
   2.46000004      -0.00000000
   2.47000003      -0.00000000
   2.48000002      -0.00000000
   2.49000001      -0.00000000
   2.50000000      -0.00000000
   2.50999999      -0.00000000
   2.51999998      -0.00000000
   2.52999997      -0.00000000
   2.53999996      -0.00000000
   2.54999995      -0.00000000
   2.55999994      -0.00000000
   2.56999993      -0.00000000
   2.57999992      -0.00000000
   2.58999991      -0.00000000
   2.59999990      -0.00000000
   2.60999990      -0.00000000
   2.61999989      -0.00000000
   2.62999988      -0.00000000
   2.63999987      -0.00000000
   2.64999986      -0.00000000
   2.65999985      -0.00000000
   2.66999984      -0.00000000
   2.67999983      -0.00000000
   2.69000006      -0.00000000
   2.70000005      -0.00000000
   2.71000004      -0.00000000
   2.72000003      -0.00000000
   2.73000002      -0.00000000
   2.74000001      -0.00000000
   2.75000000      -0.00000000
   2.75999999      -0.00000000
   2.76999998      -0.00000000
   2.77999997      -0.00000000
   2.78999996      -0.00000000
   2.79999995      -0.00000000
   2.80999994      -0.00000000
   2.81999993      -0.00000000
   2.82999992      -0.00000000
   2.83999991      -0.00000000
   2.84999990      -0.00000000
   2.85999990      -0.00000000
   2.86999989      -0.00000000
   2.87999988      -0.00000000
   2.88999987      -0.00000000
   2.89999986      -0.00000000
   2.90999985      -0.00000000
   2.91999984      -0.00000000
   2.92999983      -0.00000000
   2.93999982      -0.00000000
   2.95000005      -0.00000000
   2.96000004      -0.00000000
   2.97000003      -0.00000000
   2.98000002      -0.00000000
   2.99000001      -0.00000000
   3.00000000      -0.00000000
   3.00999999      -0.00000000
   3.01999998      -0.00000000
   3.02999997      -0.00000000
   3.03999996      -0.00000000
   3.04999995      -0.00000000
   3.05999994      -0.00000000
   3.06999993      -0.00000000
   3.07999992      -0.00000000
   3.08999991      -0.00000000
   3.09999990      -0.00000000
   3.10999990      -0.00000000
   3.11999989      -0.00000000
   3.12999988      -0.00000000
   3.13999987      -0.00000000
   3.14999986      -0.00000000
   3.15999985      -0.00000000
   3.16999984      -0.00000000
   3.17999983      -0.00000000
   3.18999982      -0.00000000
   3.19999981      -0.00000000
   3.21000004      -0.00000000
   3.22000003      -0.00000000
   3.23000002      -0.00000000
   3.24000001      -0.00000000
   3.25000000      -0.00000000
   3.25999999      -0.00000000
   3.26999998      -0.00000000
   3.27999997      -0.00000000
   3.28999996      -0.00000000
   3.29999995      -0.00000000
   3.30999994      -0.00000000
   3.31999993      -0.00000000
   3.32999992      -0.00000000
   3.33999991      -0.00000000
   3.34999990      -0.00000000
   3.35999990      -0.00000000
   3.36999989      -0.00000000
   3.37999988      -0.00000000
   3.38999987      -0.00000000
   3.39999986      -0.00000000
   3.40999985      -0.00000000
   3.41999984      -0.00000000
   3.42999983      -0.00000000
   3.43999982      -0.00000000
   3.44999981      -0.00000000
   3.46000004      -0.00000000
   3.47000003      -0.00000000
   3.48000002      -0.00000000
   3.49000001      -0.00000000
   3.50000000      -0.00000000
   3.50999999      -0.00000000
   3.51999998      -0.00000000
   3.52999997      -0.00000000
   3.53999996      -0.00000000
   3.54999995      -0.00000000
   3.55999994      -0.00000000
   3.56999993      -0.00000000
   3.57999992      -0.00000000
   3.58999991      -0.00000000
   3.59999990      -0.00000000
   3.60999990      -0.00000000
   3.61999989      -0.00000000
   3.62999988      -0.00000000
   3.63999987      -0.00000000
   3.64999986      -0.00000000
   3.65999985      -0.00000000
   3.66999984      -0.00000000
   3.67999983      -0.00000000
   3.68999982      -0.00000000
   3.69999981      -0.00000000
   3.70999980      -0.00000000
   3.72000003      -0.00000000
   3.73000002      -0.00000000
   3.74000001      -0.00000000
   3.75000000      -0.00000000
   3.75999999      -0.00000000
   3.76999998      -0.00000000
   3.77999997      -0.00000000
   3.78999996      -0.00000000
   3.79999995      -0.00000000
   3.80999994      -0.00000000
   3.81999993      -0.00000000
   3.82999992      -0.00000000
   3.83999991      -0.00000000
   3.84999990      -0.00000000
   3.85999990      -0.00000000
   3.86999989      -0.00000000
   3.87999988      -0.00000000
   3.88999987      -0.00000000
   3.89999986      -0.00000000
   3.90999985      -0.00000000
   3.91999984      -0.00000000
   3.92999983      -0.00000000
   3.93999982      -0.00000000
   3.94999981      -0.00000000
   3.95999980      -0.00000000
   3.97000003      -0.00000000
   3.98000002      -0.00000000
   3.99000001      -0.00000000
   4.00000000      -0.00000000
   4.00999975      -0.00000000
   4.01999998      -0.00000000
   4.02999973      -0.00000000
   4.03999996      -0.00000000
   4.04999971      -0.00000000
   4.05999994      -0.00000000
   4.06999969      -0.00000000
   4.07999992      -0.00000000
   4.08999968      -0.00000000
   4.09999990      -0.00000000
   4.11000013      -0.00000000
   4.11999989      -0.00000000
   4.13000011      -0.00000000
   4.13999987      -0.00000000
   4.15000010      -0.00000000
   4.15999985      -0.00000000
   4.17000008      -0.00000000
   4.17999983      -0.00000000
   4.19000006      -0.00000000
   4.19999981      -0.00000000
   4.21000004      -0.00000000
   4.21999979      -0.00000000
   4.23000002      -0.00000000
   4.23999977      -0.00000000
   4.25000000      -0.00000000
   4.25999975      -0.00000000
   4.26999998      -0.00000000
   4.27999973      -0.00000000
   4.28999996      -0.00000000
   4.29999971      -0.00000000
   4.30999994      -0.00000000
   4.31999969      -0.00000000
   4.32999992      -0.00000000
   4.33999968      -0.00000000
   4.34999990      -0.00000000
   4.36000013      -0.00000000
   4.36999989      -0.00000000
   4.38000011      -0.00000000
   4.38999987      -0.00000000
   4.40000010      -0.00000000
   4.40999985      -0.00000000
   4.42000008      -0.00000000
   4.42999983      -0.00000000
   4.44000006      -0.00000000
   4.44999981      -0.00000000
   4.46000004      -0.00000000
   4.46999979      -0.00000000
   4.48000002      -0.00000000
   4.48999977      -0.00000000
   4.50000000      -0.00000000
   4.50999975      -0.00000000
   4.51999998      -0.00000000
   4.52999973      -0.00000000
   4.53999996      -0.00000000
   4.54999971      -0.00000000
   4.55999994      -0.00000000
   4.56999969      -0.00000000
   4.57999992      -0.00000000
   4.58999968      -0.00000000
   4.59999990      -0.00000000
   4.61000013      -0.00000000
   4.61999989      -0.00000000
   4.63000011      -0.00000000
   4.63999987      -0.00000000
   4.65000010      -0.00000000
   4.65999985      -0.00000000
   4.67000008      -0.00000000
   4.67999983      -0.00000000
   4.69000006      -0.00000000
   4.69999981      -0.00000000
   4.71000004      -0.00000000
   4.71999979      -0.00000000
   4.73000002      -0.00000000
   4.73999977      -0.00000000
   4.75000000      -0.00000000
   4.75999975      -0.00000000
   4.76999998      -0.00000000
   4.77999973      -0.00000000
   4.78999996      -6.16571324E-44
   4.79999971      -5.29772095E-40
   4.80999994      -2.90497162E-36
   4.81999969      -1.01844052E-32
   4.82999992      -2.28383664E-29
   4.83999968      -3.27224927E-26
   4.84999990      -2.99638402E-23
   4.85999966      -1.75141827E-20
   4.86999989      -6.53436950E-18
   4.88000011      -1.55434305E-15
   4.88999987      -2.35435938E-13
   4.90000010      -2.26886634E-11
   4.90999985      -1.38806189E-09
   4.92000008      -5.38031628E-08
   4.92999983      -1.31648005E-06
   4.94000006      -2.02414849E-05
   4.94999981      -1.94044347E-04
   4.96000004      -1.14548428E-03
   4.96999979      -4.06568265E-03
   4.98000002      -8.22738744E-03
   4.98999977      -8.00872594E-03
   5.00000000       0.00000000
   5.00999975       8.00851360E-03
   5.01999998       8.22738744E-03
   5.02999973       4.06587543E-03
   5.03999996       1.14548428E-03
   5.04999971       1.94063236E-04
   5.05999994       2.02414849E-05
   5.06999969       1.31666570E-06
   5.07999992       5.38031628E-08
   5.08999968       1.38831935E-09
   5.09999990       2.26886634E-11
   5.10999966       2.35489715E-13
   5.11999989       1.55434305E-15
   5.13000011       6.53436950E-18
   5.13999987       1.75192669E-20
   5.15000010       2.99638402E-23
   5.15999985       3.27335059E-26
   5.17000008       2.28383664E-29
   5.17999983       1.01881873E-32
   5.19000006       2.90497162E-36
   5.19999981       5.29989296E-40
   5.21000004       6.16571324E-44
   5.21999979       0.00000000
   5.23000002       0.00000000
   5.23999977       0.00000000
   5.25000000       0.00000000
   5.25999975       0.00000000
   5.26999998       0.00000000
   5.27999973       0.00000000
   5.28999996       0.00000000
   5.29999971       0.00000000
   5.30999994       0.00000000
   5.31999969       0.00000000
   5.32999992       0.00000000
   5.33999968       0.00000000
   5.34999990       0.00000000
   5.35999966       0.00000000
   5.36999989       0.00000000
   5.38000011       0.00000000
   5.38999987       0.00000000
   5.40000010       0.00000000
   5.40999985       0.00000000
   5.42000008       0.00000000
   5.42999983       0.00000000
   5.44000006       0.00000000
   5.44999981       0.00000000
   5.46000004       0.00000000
   5.46999979       0.00000000
   5.48000002       0.00000000
   5.48999977       0.00000000
   5.50000000       0.00000000
   5.50999975       0.00000000
   5.51999998       0.00000000
   5.52999973       0.00000000
   5.53999996       0.00000000
   5.54999971       0.00000000
   5.55999994       0.00000000
   5.56999969       0.00000000
   5.57999992       0.00000000
   5.58999968       0.00000000
   5.59999990       0.00000000
   5.60999966       0.00000000
   5.61999989       0.00000000
   5.62999964       0.00000000
   5.63999987       0.00000000
   5.65000010       0.00000000
   5.65999985       0.00000000
   5.67000008       0.00000000
   5.67999983       0.00000000
   5.69000006       0.00000000
   5.69999981       0.00000000
   5.71000004       0.00000000
   5.71999979       0.00000000
   5.73000002       0.00000000
   5.73999977       0.00000000
   5.75000000       0.00000000
   5.75999975       0.00000000
   5.76999998       0.00000000
   5.77999973       0.00000000
   5.78999996       0.00000000
   5.79999971       0.00000000
   5.80999994       0.00000000
   5.81999969       0.00000000
   5.82999992       0.00000000
   5.83999968       0.00000000
   5.84999990       0.00000000
   5.85999966       0.00000000
   5.86999989       0.00000000
   5.87999964       0.00000000
   5.88999987       0.00000000
   5.90000010       0.00000000
   5.90999985       0.00000000
   5.92000008       0.00000000
   5.92999983       0.00000000
   5.94000006       0.00000000
   5.94999981       0.00000000
   5.96000004       0.00000000
   5.96999979       0.00000000
   5.98000002       0.00000000
   5.98999977       0.00000000
   6.00000000       0.00000000
   6.00999975       0.00000000
   6.01999998       0.00000000
   6.02999973       0.00000000
   6.03999996       0.00000000
   6.04999971       0.00000000
   6.05999994       0.00000000
   6.06999969       0.00000000
   6.07999992       0.00000000
   6.08999968       0.00000000
   6.09999990       0.00000000
   6.10999966       0.00000000
   6.11999989       0.00000000
   6.12999964       0.00000000
   6.13999987       0.00000000
   6.15000010       0.00000000
   6.15999985       0.00000000
   6.17000008       0.00000000
   6.17999983       0.00000000
   6.19000006       0.00000000
   6.19999981       0.00000000
   6.21000004       0.00000000
   6.21999979       0.00000000
   6.23000002       0.00000000
   6.23999977       0.00000000
   6.25000000       0.00000000
   6.25999975       0.00000000
   6.26999998       0.00000000
   6.27999973       0.00000000
   6.28999996       0.00000000
   6.29999971       0.00000000
   6.30999994       0.00000000
   6.31999969       0.00000000
   6.32999992       0.00000000
   6.33999968       0.00000000
   6.34999990       0.00000000
   6.35999966       0.00000000
   6.36999989       0.00000000
   6.37999964       0.00000000
   6.38999987       0.00000000
   6.39999962       0.00000000
   6.40999985       0.00000000
   6.42000008       0.00000000
   6.42999983       0.00000000
   6.44000006       0.00000000
   6.44999981       0.00000000
   6.46000004       0.00000000
   6.46999979       0.00000000
   6.48000002       0.00000000
   6.48999977       0.00000000
   6.50000000       0.00000000
   6.50999975       0.00000000
   6.51999998       0.00000000
   6.52999973       0.00000000
   6.53999996       0.00000000
   6.54999971       0.00000000
   6.55999994       0.00000000
   6.56999969       0.00000000
   6.57999992       0.00000000
   6.58999968       0.00000000
   6.59999990       0.00000000
   6.60999966       0.00000000
   6.61999989       0.00000000
   6.62999964       0.00000000
   6.63999987       0.00000000
   6.64999962       0.00000000
   6.65999985       0.00000000
   6.67000008       0.00000000
   6.67999983       0.00000000
   6.69000006       0.00000000
   6.69999981       0.00000000
   6.71000004       0.00000000
   6.71999979       0.00000000
   6.73000002       0.00000000
   6.73999977       0.00000000
   6.75000000       0.00000000
   6.75999975       0.00000000
   6.76999998       0.00000000
   6.77999973       0.00000000
   6.78999996       0.00000000
   6.79999971       0.00000000
   6.80999994       0.00000000
   6.81999969       0.00000000
   6.82999992       0.00000000
   6.83999968       0.00000000
   6.84999990       0.00000000
   6.85999966       0.00000000
   6.86999989       0.00000000
   6.87999964       0.00000000
   6.88999987       0.00000000
   6.89999962       0.00000000
   6.90999985       0.00000000
   6.92000008       0.00000000
   6.92999983       0.00000000
   6.94000006       0.00000000
   6.94999981       0.00000000
   6.96000004       0.00000000
   6.96999979       0.00000000
   6.98000002       0.00000000
   6.98999977       0.00000000
   7.00000000       0.00000000
   7.00999975       0.00000000
   7.01999998       0.00000000
   7.02999973       0.00000000
   7.03999996       0.00000000
   7.04999971       0.00000000
   7.05999994       0.00000000
   7.06999969       0.00000000
   7.07999992       0.00000000
   7.08999968       0.00000000
   7.09999990       0.00000000
   7.10999966       0.00000000
   7.11999989       0.00000000
   7.12999964       0.00000000
   7.13999987       0.00000000
   7.14999962       0.00000000
   7.15999985       0.00000000
   7.17000008       0.00000000
   7.17999983       0.00000000
   7.19000006       0.00000000
   7.19999981       0.00000000
   7.21000004       0.00000000
   7.21999979       0.00000000
   7.23000002       0.00000000
   7.23999977       0.00000000
   7.25000000       0.00000000
   7.25999975       0.00000000
   7.26999998       0.00000000
   7.27999973       0.00000000
   7.28999996       0.00000000
   7.29999971       0.00000000
   7.30999994       0.00000000
   7.31999969       0.00000000
   7.32999992       0.00000000
   7.33999968       0.00000000
   7.34999990       0.00000000
   7.35999966       0.00000000
   7.36999989       0.00000000
   7.37999964       0.00000000
   7.38999987       0.00000000
   7.39999962       0.00000000
   7.40999985       0.00000000
   7.41999960       0.00000000
   7.42999983       0.00000000
   7.44000006       0.00000000
   7.44999981       0.00000000
   7.46000004       0.00000000
   7.46999979       0.00000000
   7.48000002       0.00000000
   7.48999977       0.00000000
   7.50000000       0.00000000
   7.50999975       0.00000000
   7.51999998       0.00000000
   7.52999973       0.00000000
   7.53999996       0.00000000
   7.54999971       0.00000000
   7.55999994       0.00000000
   7.56999969       0.00000000
   7.57999992       0.00000000
   7.58999968       0.00000000
   7.59999990       0.00000000
   7.60999966       0.00000000
   7.61999989       0.00000000
   7.62999964       0.00000000
   7.63999987       0.00000000
   7.64999962       0.00000000
   7.65999985       0.00000000
   7.66999960       0.00000000
   7.67999983       0.00000000
   7.69000006       0.00000000
   7.69999981       0.00000000
   7.71000004       0.00000000
   7.71999979       0.00000000
   7.73000002       0.00000000
   7.73999977       0.00000000
   7.75000000       0.00000000
   7.75999975       0.00000000
   7.76999998       0.00000000
   7.77999973       0.00000000
   7.78999996       0.00000000
   7.79999971       0.00000000
   7.80999994       0.00000000
   7.81999969       0.00000000
   7.82999992       0.00000000
   7.83999968       0.00000000
   7.84999990       0.00000000
   7.85999966       0.00000000
   7.86999989       0.00000000
   7.87999964       0.00000000
   7.88999987       0.00000000
   7.89999962       0.00000000
   7.90999985       0.00000000
   7.91999960       0.00000000
   7.92999983       0.00000000
   7.94000006       0.00000000
   7.94999981       0.00000000
   7.96000004       0.00000000
   7.96999979       0.00000000
   7.98000002       0.00000000
   7.98999977       0.00000000
   8.00000000       0.00000000
   8.01000023       0.00000000
   8.01999950       0.00000000
   8.02999973       0.00000000
   8.03999996       0.00000000
   8.05000019       0.00000000
   8.05999947       0.00000000
   8.06999969       0.00000000
   8.07999992       0.00000000
   8.09000015       0.00000000
   8.09999943       0.00000000
   8.10999966       0.00000000
   8.11999989       0.00000000
   8.13000011       0.00000000
   8.13999939       0.00000000
   8.14999962       0.00000000
   8.15999985       0.00000000
   8.17000008       0.00000000
   8.17999935       0.00000000
   8.18999958       0.00000000
   8.19999981       0.00000000
   8.21000004       0.00000000
   8.22000027       0.00000000
   8.22999954       0.00000000
   8.23999977       0.00000000
   8.25000000       0.00000000
   8.26000023       0.00000000
   8.26999950       0.00000000
   8.27999973       0.00000000
   8.28999996       0.00000000
   8.30000019       0.00000000
   8.30999947       0.00000000
   8.31999969       0.00000000
   8.32999992       0.00000000
   8.34000015       0.00000000
   8.34999943       0.00000000
   8.35999966       0.00000000
   8.36999989       0.00000000
   8.38000011       0.00000000
   8.38999939       0.00000000
   8.39999962       0.00000000
   8.40999985       0.00000000
   8.42000008       0.00000000
   8.42999935       0.00000000
   8.43999958       0.00000000
   8.44999981       0.00000000
   8.46000004       0.00000000
   8.47000027       0.00000000
   8.47999954       0.00000000
   8.48999977       0.00000000
   8.50000000       0.00000000
   8.51000023       0.00000000
   8.51999950       0.00000000
   8.52999973       0.00000000
   8.53999996       0.00000000
   8.55000019       0.00000000
   8.55999947       0.00000000
   8.56999969       0.00000000
   8.57999992       0.00000000
   8.59000015       0.00000000
   8.59999943       0.00000000
   8.60999966       0.00000000
   8.61999989       0.00000000
   8.63000011       0.00000000
   8.63999939       0.00000000
   8.64999962       0.00000000
   8.65999985       0.00000000
   8.67000008       0.00000000
   8.67999935       0.00000000
   8.68999958       0.00000000
   8.69999981       0.00000000
   8.71000004       0.00000000
   8.72000027       0.00000000
   8.72999954       0.00000000
   8.73999977       0.00000000
   8.75000000       0.00000000
   8.76000023       0.00000000
   8.76999950       0.00000000
   8.77999973       0.00000000
   8.78999996       0.00000000
   8.80000019       0.00000000
   8.80999947       0.00000000
   8.81999969       0.00000000
   8.82999992       0.00000000
   8.84000015       0.00000000
   8.84999943       0.00000000
   8.85999966       0.00000000
   8.86999989       0.00000000
   8.88000011       0.00000000
   8.88999939       0.00000000
   8.89999962       0.00000000
   8.90999985       0.00000000
   8.92000008       0.00000000
   8.92999935       0.00000000
   8.93999958       0.00000000
   8.94999981       0.00000000
   8.96000004       0.00000000
   8.97000027       0.00000000
   8.97999954       0.00000000
   8.98999977       0.00000000
   9.00000000       0.00000000
   9.01000023       0.00000000
   9.01999950       0.00000000
   9.02999973       0.00000000
   9.03999996       0.00000000
   9.05000019       0.00000000
   9.05999947       0.00000000
   9.06999969       0.00000000
   9.07999992       0.00000000
   9.09000015       0.00000000
   9.09999943       0.00000000
   9.10999966       0.00000000
   9.11999989       0.00000000
   9.13000011       0.00000000
   9.13999939       0.00000000
   9.14999962       0.00000000
   9.15999985       0.00000000
   9.17000008       0.00000000
   9.17999935       0.00000000
   9.18999958       0.00000000
   9.19999981       0.00000000
   9.21000004       0.00000000
   9.22000027       0.00000000
   9.22999954       0.00000000
   9.23999977       0.00000000
   9.25000000       0.00000000
   9.26000023       0.00000000
   9.26999950       0.00000000
   9.27999973       0.00000000
   9.28999996       0.00000000
   9.30000019       0.00000000
   9.30999947       0.00000000
   9.31999969       0.00000000
   9.32999992       0.00000000
   9.34000015       0.00000000
   9.34999943       0.00000000
   9.35999966       0.00000000
   9.36999989       0.00000000
   9.38000011       0.00000000
   9.38999939       0.00000000
   9.39999962       0.00000000
   9.40999985       0.00000000
   9.42000008       0.00000000
   9.42999935       0.00000000
   9.43999958       0.00000000
   9.44999981       0.00000000
   9.46000004       0.00000000
   9.46999931       0.00000000
   9.47999954       0.00000000
   9.48999977       0.00000000
   9.50000000       0.00000000
   9.51000023       0.00000000
   9.51999950       0.00000000
   9.52999973       0.00000000
   9.53999996       0.00000000
   9.55000019       0.00000000
   9.55999947       0.00000000
   9.56999969       0.00000000
   9.57999992       0.00000000
   9.59000015       0.00000000
   9.59999943       0.00000000
   9.60999966       0.00000000
   9.61999989       0.00000000
   9.63000011       0.00000000
   9.63999939       0.00000000
   9.64999962       0.00000000
   9.65999985       0.00000000
   9.67000008       0.00000000
   9.67999935       0.00000000
   9.68999958       0.00000000
   9.69999981       0.00000000
   9.71000004       0.00000000
   9.71999931       0.00000000
   9.72999954       0.00000000
   9.73999977       0.00000000
   9.75000000       0.00000000
   9.76000023       0.00000000
   9.76999950       0.00000000
   9.77999973       0.00000000
   9.78999996       0.00000000
   9.80000019       0.00000000
   9.80999947       0.00000000
   9.81999969       0.00000000
   9.82999992       0.00000000
   9.84000015       0.00000000
   9.84999943       0.00000000
   9.85999966       0.00000000
   9.86999989       0.00000000
   9.88000011       0.00000000
   9.88999939       0.00000000
   9.89999962       0.00000000
   9.90999985       0.00000000
   9.92000008       0.00000000
   9.92999935       0.00000000
   9.93999958       0.00000000
   9.94999981       0.00000000
   9.96000004       0.00000000
   9.96999931       0.00000000
   9.97999954       0.00000000
   9.98999977       0.00000000
