   monx mony
   0.00000000      -1.50910534E-10
   9.99999978E-03  -1.45852677E-10
   1.99999996E-02  -1.26975069E-10
   2.99999993E-02  -9.53157969E-11
   3.99999991E-02  -5.66043636E-11
   4.99999970E-02  -1.13300680E-11
   5.99999987E-02   3.54405394E-11
   7.00000003E-02   7.83319937E-11
   7.99999982E-02   1.11582583E-10
   8.99999961E-02   1.36633316E-10
   9.99999940E-02   1.47387852E-10
  0.109999999       1.41987255E-10
  0.119999997       1.20198601E-10
  0.129999995       8.78918743E-11
  0.140000001       4.53722407E-11
  0.149999991      -1.99329398E-12
  0.159999996      -5.20000917E-11
  0.170000002      -9.35697353E-11
  0.179999992      -1.28913213E-10
  0.189999998      -1.56774912E-10
  0.199999988      -1.64044472E-10
  0.209999993      -1.55866986E-10
  0.219999999      -1.34959099E-10
  0.229999989      -1.00696965E-10
  0.239999995      -5.57313709E-11
  0.250000000      -2.53339168E-12
  0.259999990       4.81774724E-11
  0.269999981       9.70541356E-11
  0.280000001       1.34038239E-10
  0.289999992       1.59834770E-10
  0.299999982       1.70877840E-10
  0.310000002       1.63010716E-10
  0.319999993       1.40302672E-10
  0.329999983       1.01409589E-10
  0.340000004       5.41321675E-11
  0.349999994      -1.18608107E-12
  0.359999985      -5.74386094E-11
  0.370000005      -1.09180900E-10
  0.379999995      -1.49053103E-10
  0.389999986      -1.78421666E-10
  0.399999976      -1.89075700E-10
  0.409999996      -1.81482121E-10
  0.419999987      -1.57530572E-10
  0.429999977      -1.17669097E-10
  0.439999998      -6.68864478E-11
  0.449999988      -9.32947383E-12
  0.459999979       5.01730289E-11
  0.469999999       1.03747511E-10
  0.479999989       1.48485862E-10
  0.489999980       1.78090584E-10
  0.500000000       1.89781885E-10
  0.509999990       1.82487317E-10
  0.519999981       1.57088370E-10
  0.529999971       1.15556890E-10
  0.539999962       6.02010108E-11
  0.550000012      -6.79049211E-13
  0.560000002      -6.31501310E-11
  0.569999993      -1.21318136E-10
  0.579999983      -1.66872516E-10
  0.589999974      -1.98334363E-10
  0.599999964      -2.10867337E-10
  0.610000014      -2.01945974E-10
  0.620000005      -1.72342474E-10
  0.629999995      -1.29749406E-10
  0.639999986      -6.95324076E-11
  0.649999976      -2.84334427E-12
  0.659999967       6.34189923E-11
  0.669999957       1.26220395E-10
  0.680000007       1.75409895E-10
  0.689999998       2.09022744E-10
  0.699999988       2.22668897E-10
  0.709999979       2.13775636E-10
  0.719999969       1.83389304E-10
  0.729999959       1.34596709E-10
  0.740000010       7.05533271E-11
  0.750000000       7.01216646E-13
  0.759999990      -7.34332734E-11
  0.769999981      -1.39102049E-10
  0.779999971      -1.93595223E-10
  0.789999962      -2.30647126E-10
  0.799999952      -2.44445353E-10
  0.810000002      -2.34518904E-10
  0.819999993      -2.01052161E-10
  0.829999983      -1.51164928E-10
  0.839999974      -8.26661933E-11
  0.849999964      -7.94756014E-12
  0.859999955       7.18095999E-11
  0.870000005       1.42985318E-10
  0.879999995       2.03031675E-10
  0.889999986       2.40886255E-10
  0.899999976       2.57525001E-10
  0.909999967       2.48421644E-10
  0.919999957       2.14316648E-10
  0.930000007       1.58976665E-10
  0.939999998       8.73552064E-11
  0.949999988       5.87576472E-12
  0.959999979      -7.84619522E-11
  0.969999969      -1.54577712E-10
  0.979999959      -2.18294979E-10
  0.989999950      -2.59209237E-10
   1.00000000      -2.77087020E-10
   1.00999999      -2.66597577E-10
   1.01999998      -2.31106051E-10
   1.02999997      -1.71062609E-10
   1.03999996      -9.31690905E-11
   1.04999995      -5.19631170E-12
   1.05999994       8.35619976E-11
   1.06999993       1.64543004E-10
   1.07999992       2.33329911E-10
   1.09000003       2.78099793E-10
   1.10000002       2.94361729E-10
   1.11000001       2.85578339E-10
   1.12000000       2.44914256E-10
   1.13000000       1.80929396E-10
   1.13999999       9.64932925E-11
   1.14999998       1.79856303E-12
   1.15999997      -9.50225523E-11
   1.16999996      -1.83931079E-10
   1.17999995      -2.55827387E-10
   1.18999994      -3.04588882E-10
   1.19999993      -3.24285654E-10
   1.20999992      -3.12293330E-10
   1.22000003      -2.68481681E-10
   1.23000002      -1.97660416E-10
   1.24000001      -1.07186392E-10
   1.25000000      -3.82789763E-12
   1.25999999       1.01862199E-10
   1.26999998       1.99974870E-10
   1.27999997       2.78655460E-10
   1.28999996       3.32349481E-10
   1.29999995       3.52798041E-10
   1.30999994       3.40430906E-10
   1.31999993       2.94485575E-10
   1.32999992       2.18981486E-10
   1.33999991       1.20040269E-10
   1.35000002       8.33097827E-12
   1.36000001      -1.04147725E-10
   1.37000000      -2.10041845E-10
   1.38000000      -2.97637442E-10
   1.38999999      -3.55516977E-10
   1.39999998      -3.78565623E-10
   1.40999997      -3.68020892E-10
   1.41999996      -3.18723187E-10
   1.42999995      -2.35818365E-10
   1.43999994      -1.30412070E-10
   1.44999993      -1.07535335E-11
   1.45999992       1.12983636E-10
   1.46999991       2.26587499E-10
   1.48000002       3.20945714E-10
   1.49000001       3.82447601E-10
   1.50000000       4.09171197E-10
   1.50999999       3.94873356E-10
   1.51999998       3.41613210E-10
   1.52999997       2.53185028E-10
   1.53999996       1.38240391E-10
   1.54999995       7.40380760E-12
   1.55999994      -1.27332936E-10
   1.56999993      -2.50721000E-10
   1.57999992      -3.53049950E-10
   1.58999991      -4.19916379E-10
   1.59999990      -4.50614185E-10
   1.61000001      -4.35599751E-10
   1.62000000      -3.76012083E-10
   1.63000000      -2.80285989E-10
   1.63999999      -1.53885613E-10
   1.64999998      -1.10333227E-11
   1.65999997       1.36172823E-10
   1.66999996       2.72228573E-10
   1.67999995       3.81592147E-10
   1.68999994       4.59220190E-10
   1.69999993       4.89922436E-10
   1.70999992       4.75544215E-10
   1.71999991       4.12079454E-10
   1.73000002       3.06395520E-10
   1.74000001       1.69798703E-10
   1.75000000       1.46060716E-11
   1.75999999      -1.45260512E-10
   1.76999998      -2.93915170E-10
   1.77999997      -4.15439239E-10
   1.78999996      -4.96695851E-10
   1.79999995      -5.31654276E-10
   1.80999994      -5.14619569E-10
   1.81999993      -4.46116949E-10
   1.82999992      -3.31925376E-10
   1.83999991      -1.83138268E-10
   1.84999990      -1.40628542E-11
   1.86000001       1.60778627E-10
   1.87000000       3.23040178E-10
   1.88000000       4.54706217E-10
   1.88999999       5.45849421E-10
   1.89999998       5.82750681E-10
   1.90999997       5.60871183E-10
   1.91999996       4.86752083E-10
   1.92999995       3.57295471E-10
   1.93999994       1.93948191E-10
   1.94999993       6.24763175E-12
   1.95999992      -1.88778701E-10
   1.96999991      -3.67198549E-10
   1.97999990      -5.15984866E-10
   1.99000001      -6.16184104E-10
   2.00000000      -6.59216404E-10
   2.00999999      -6.38880948E-10
   2.01999998      -5.54811419E-10
   2.02999997      -4.16665757E-10
   2.03999996      -2.37712960E-10
   2.04999995      -2.90385199E-11
   2.05999994       1.82600129E-10
   2.06999993       3.81117304E-10
   2.07999992       5.45785861E-10
   2.08999991       6.55743404E-10
   2.09999990       7.02136516E-10
   2.10999990       6.80350887E-10
   2.11999989       5.88833315E-10
   2.12999988       4.36369191E-10
   2.13999987       2.37117992E-10
   2.14999986       8.98556403E-12
   2.15999985      -2.24575650E-10
   2.16999984      -4.41741144E-10
   2.18000007      -6.20149876E-10
   2.19000006      -7.44751261E-10
   2.20000005      -7.94945942E-10
   2.21000004      -7.69719899E-10
   2.22000003      -6.67460254E-10
   2.23000002      -4.96446551E-10
   2.24000001      -2.73189693E-10
   2.25000000      -1.94949751E-11
   2.25999999       2.43452036E-10
   2.26999998       4.87572649E-10
   2.27999997       6.90989488E-10
   2.28999996       8.28312474E-10
   2.29999995       8.89700091E-10
   2.30999994       8.63945360E-10
   2.31999993       7.54132423E-10
   2.32999992       5.67116742E-10
   2.33999991       3.20525245E-10
   2.34999990       3.84713268E-11
   2.35999990      -2.53432386E-10
   2.36999989      -5.25625432E-10
   2.37999988      -7.49291018E-10
   2.38999987      -9.06047404E-10
   2.39999986      -9.72701919E-10
   2.40999985      -9.45230116E-10
   2.41999984      -8.23233814E-10
   2.42999983      -6.18131712E-10
   2.44000006      -3.44323126E-10
   2.45000005      -3.06626009E-11
   2.46000004       2.91840330E-10
   2.47000003       5.94885918E-10
   2.48000002       8.44349202E-10
   2.49000001       1.01585140E-09
   2.50000000       1.08994225E-09
   2.50999999       1.05751119E-09
   2.51999998       9.18505938E-10
   2.52999997       6.84532875E-10
   2.53999996       3.76698089E-10
   2.54999995       2.36778791E-11
   2.55999994      -3.40501821E-10
   2.56999993      -6.82027157E-10
   2.57999992      -9.65223568E-10
   2.58999991      -1.15838450E-09
   2.59999990      -1.24412669E-09
   2.60999990      -1.20856414E-09
   2.61999989      -1.05214182E-09
   2.62999988      -7.89200372E-10
   2.63999987      -4.39303677E-10
   2.64999986      -4.15059757E-11
   2.65999985       3.71388420E-10
   2.66999984       7.57454099E-10
   2.67999983       1.07745091E-09
   2.69000006       1.30077271E-09
   2.70000005       1.39953660E-09
   2.71000004       1.36205580E-09
   2.72000003       1.18893728E-09
   2.73000002       8.92636076E-10
   2.74000001       5.02251740E-10
   2.75000000       5.10519994E-11
   2.75999999      -4.16524731E-10
   2.76999998      -8.54362303E-10
   2.77999997      -1.21978605E-09
   2.78999996      -1.47309542E-09
   2.79999995      -1.58486579E-09
   2.80999994      -1.54589608E-09
   2.81999993      -1.35260614E-09
   2.82999992      -1.01838848E-09
   2.83999991      -5.75382797E-10
   2.84999990      -6.37189121E-11
   2.85999990       4.66338967E-10
   2.86999989       9.65477143E-10
   2.87999988       1.38106060E-09
   2.88999987       1.66818681E-09
   2.89999986       1.79916071E-09
   2.90999985       1.75320702E-09
   2.91999984       1.53078328E-09
   2.92999983       1.14889420E-09
   2.93999982       6.40227427E-10
   2.95000005       5.48513630E-11
   2.96000004      -5.54603585E-10
   2.97000003      -1.12725584E-09
   2.98000002      -1.60511915E-09
   2.99000001      -1.93830396E-09
   3.00000000      -2.08954276E-09
   3.00999999      -2.03975725E-09
   3.01999998      -1.78644222E-09
   3.02999997      -1.34847888E-09
   3.03999996      -7.65011887E-10
   3.04999995      -8.97138128E-11
   3.05999994       6.12437878E-10
   3.06999993       1.27459243E-09
   3.07999992       1.82706206E-09
   3.08999991       2.21538232E-09
   3.09999990       2.39195175E-09
   3.10999990       2.33773800E-09
   3.11999989       2.04673012E-09
   3.12999988       1.54700919E-09
   3.13999987       8.72867167E-10
   3.14999986       9.60251323E-11
   3.15999985      -7.17068349E-10
   3.16999984      -1.48510682E-09
   3.17999983      -2.12761120E-09
   3.18999982      -2.57948041E-09
   3.19999981      -2.78929724E-09
   3.21000004      -2.72628786E-09
   3.22000003      -2.39246356E-09
   3.23000002      -1.80978255E-09
   3.24000001      -1.02833253E-09
   3.25000000      -1.18705976E-10
   3.25999999       8.29698421E-10
   3.26999998       1.72889358E-09
   3.27999997       2.48468801E-09
   3.28999996       3.01742986E-09
   3.29999995       3.26464278E-09
   3.30999994       3.19773008E-09
   3.31999993       2.80930479E-09
   3.32999992       2.12878737E-09
   3.33999991       1.21370936E-09
   3.34999990       1.47160867E-10
   3.35999990      -9.70342806E-10
   3.36999989      -2.02947992E-09
   3.37999988      -2.91757596E-09
   3.38999987      -3.55000651E-09
   3.39999986      -3.84684462E-09
   3.40999985      -3.77349219E-09
   3.41999984      -3.32009509E-09
   3.42999983      -2.51959231E-09
   3.43999982      -1.43992618E-09
   3.44999981      -1.80762724E-10
   3.46000004       1.14423959E-09
   3.47000003       2.39954767E-09
   3.48000002       3.45945361E-09
   3.49000001       4.21323687E-09
   3.50000000       4.57403093E-09
   3.50999999       4.49109505E-09
   3.51999998       3.95606969E-09
   3.52999997       3.00727621E-09
   3.53999996       1.72453285E-09
   3.54999995       2.20361743E-10
   3.55999994      -1.36224754E-09
   3.56999993      -2.86696489E-09
   3.57999992      -4.13971035E-09
   3.58999991      -5.04977260E-09
   3.59999990      -5.49135937E-09
   3.60999990      -5.39862688E-09
   3.61999989      -4.76650897E-09
   3.62999988      -3.63239083E-09
   3.63999987      -2.09089523E-09
   3.64999986      -2.86669216E-10
   3.65999985       1.61892144E-09
   3.66999984       3.43449647E-09
   3.67999983       4.97934272E-09
   3.68999982       6.08600459E-09
   3.69999981       6.62607169E-09
   3.70999980       6.52558496E-09
   3.72000003       5.76745851E-09
   3.73000002       4.40164616E-09
   3.74000001       2.53941712E-09
   3.75000000       3.49805990E-10
   3.75999999      -1.96301686E-09
   3.76999998      -4.17707779E-09
   3.77999997      -6.06043837E-09
   3.78999996      -7.41796802E-09
   3.79999995      -8.08399037E-09
   3.80999994      -7.97098920E-09
   3.81999993      -7.05502456E-09
   3.82999992      -5.39845812E-09
   3.83999991      -3.13334736E-09
   3.84999990      -4.56902377E-10
   3.85999990       2.37164954E-09
   3.86999989       5.07914644E-09
   3.87999988       7.39015515E-09
   3.88999987       9.05438746E-09
   3.89999986       9.87748816E-09
   3.90999985       9.74919612E-09
   3.91999984       8.63273453E-09
   3.92999983       6.59852484E-09
   3.93999982       3.81687615E-09
   3.94999981       5.34808586E-10
   3.95999980      -2.94230618E-09
   3.97000003      -6.27308028E-09
   3.98000002      -9.11347264E-09
   3.99000001      -1.11600347E-08
   4.00000000      -1.21718600E-08
   4.00999975      -1.20053825E-08
   4.01999998      -1.06271525E-08
   4.02999973      -8.12656431E-09
   4.03999996      -4.70663331E-09
   4.04999971      -6.78508805E-10
   4.05999994       3.57590824E-09
   4.06999969       7.63930785E-09
   4.07999992       1.10908989E-08
   4.08999968       1.35589486E-08
   4.09999990       1.47485828E-08
   4.11000013       1.44964201E-08
   4.11999989       1.27683695E-08
   4.13000011       9.68786207E-09
   4.13999987       5.51853629E-09
   4.15000010       6.44351683E-10
   4.15999985      -4.46083170E-09
   4.17000008      -9.27852817E-09
   4.17999983      -1.33103004E-08
   4.19000006      -1.61056839E-08
   4.19999981      -1.73446804E-08
   4.21000004      -1.68507786E-08
   4.21999979      -1.46290855E-08
   4.23000002      -1.08638556E-08
   4.23999977      -5.91687987E-09
   4.25000000      -2.84517576E-10
   4.25999975       5.44800471E-09
   4.26999998       1.06692584E-08
   4.27999973       1.48015271E-08
   4.28999996       1.73915673E-08
   4.29999971       1.81320576E-08
   4.30999994       1.69416250E-08
   4.31999969       1.39545557E-08
   4.32999992       9.52645074E-09
   4.33999968       4.19502300E-09
   4.34999990      -1.37245260E-09
   4.36000013      -6.47749543E-09
   4.36999989      -1.04644169E-08
   4.38000011      -1.28191511E-08
   4.38999987      -1.32590241E-08
   4.40000010      -1.17781660E-08
   4.40999985      -8.67186323E-09
   4.42000008      -4.52164972E-09
   4.42999983      -1.12631626E-10
   4.44000006       3.66640873E-09
   4.44999981       5.97839867E-09
   4.46000004       6.20213392E-09
   4.46999979       4.09976231E-09
   4.48000002      -5.85297505E-11
   4.48999977      -5.43631806E-09
   4.50000000      -1.06696136E-08
   4.50999975      -1.40438159E-08
   4.51999998      -1.38448168E-08
   4.52999973      -8.88253648E-09
   4.53999996       7.79108056E-10
   4.54999971       1.29259741E-08
   4.55999994       2.21091092E-08
   4.56999969       1.84787456E-08
   4.57999992      -1.34666740E-08
   4.58999968      -9.60773150E-08
   4.59999990      -2.59623960E-07
   4.61000013      -5.43143699E-07
   4.61999989      -9.94917855E-07
   4.63000011      -1.67253404E-06
   4.63999987      -2.64232813E-06
   4.65000010      -3.97822987E-06
   4.65999985      -5.75992590E-06
   4.67000008      -8.07025572E-06
   4.67999983      -1.09919847E-05
   4.69000006      -1.46038801E-05
   4.69999981      -1.89763341E-05
   4.71000004      -2.41665603E-05
   4.71999979      -3.02136777E-05
   4.73000002      -3.71338319E-05
   4.73999977      -4.49156141E-05
   4.75000000      -5.35161380E-05
   4.75999975      -6.28578782E-05
   4.76999998      -7.28267041E-05
   4.77999973      -8.32712176E-05
   4.78999996      -9.40035097E-05
   4.79999971      -1.04801700E-04
   4.80999994      -1.15414041E-04
   4.81999969      -1.25564591E-04
   4.82999992      -1.34960617E-04
   4.83999968      -1.43301048E-04
   4.84999990      -1.50286200E-04
   4.85999966      -1.55628135E-04
   4.86999989      -1.59061194E-04
   4.88000011      -1.60352647E-04
   4.88999987      -1.59312549E-04
   4.90000010      -1.55802656E-04
   4.90999985      -1.49743893E-04
   4.92000008      -1.41121796E-04
   4.92999983      -1.29990221E-04
   4.94000006      -1.16472191E-04
   4.94999981      -1.00758669E-04
   4.96000004      -8.31044672E-05
   4.96999979      -6.38219790E-05
   4.98000002      -4.32726702E-05
   4.98999977      -2.18565765E-05
   5.00000000      -2.81508372E-10
   5.00999975       2.18560035E-05
   5.01999998       4.32721172E-05
   5.02999973       6.38214478E-05
   5.03999996       8.31039652E-05
   5.04999971       1.00758218E-04
   5.05999994       1.16471798E-04
   5.06999969       1.29989872E-04
   5.07999992       1.41121505E-04
   5.08999968       1.49743646E-04
   5.09999990       1.55802525E-04
   5.10999966       1.59312476E-04
   5.11999989       1.60352633E-04
   5.13000011       1.59061223E-04
   5.13999987       1.55628222E-04
   5.15000010       1.50286331E-04
   5.15999985       1.43301222E-04
   5.17000008       1.34960836E-04
   5.17999983       1.25564839E-04
   5.19000006       1.15414296E-04
   5.19999981       1.04801962E-04
   5.21000004       9.40037717E-05
   5.21999979       8.32714722E-05
   5.23000002       7.28269661E-05
   5.23999977       6.28581183E-05
   5.25000000       5.35163636E-05
   5.25999975       4.49158288E-05
   5.26999998       3.71340211E-05
   5.27999973       3.02138524E-05
   5.28999996       2.41667112E-05
   5.29999971       1.89764614E-05
   5.30999994       1.46039902E-05
   5.31999969       1.09920757E-05
   5.32999992       8.07033121E-06
   5.33999968       5.75998729E-06
   5.34999990       3.97828126E-06
   5.35999966       2.64236633E-06
   5.36999989       1.67256314E-06
   5.38000011       9.94939228E-07
   5.38999987       5.43157000E-07
   5.40000010       2.59632742E-07
   5.40999985       9.60838165E-08
   5.42000008       1.34698199E-08
   5.42999983      -1.84790743E-08
   5.44000006      -2.21118093E-08
   5.44999981      -1.29258719E-08
   5.46000004      -7.81792908E-10
   5.46999979       8.87938523E-09
   5.48000002       1.38404568E-08
   5.48999977       1.40386893E-08
   5.50000000       1.06639897E-08
   5.50999975       5.43275824E-09
   5.51999998       5.40565023E-11
   5.52999973      -4.10606038E-09
   5.53999996      -6.20798346E-09
   5.54999971      -5.98296079E-09
   5.55999994      -3.67273012E-09
   5.56999969       1.05175486E-10
   5.57999992       4.51638726E-09
   5.58999968       8.66680061E-09
   5.59999990       1.17718990E-08
   5.60999966       1.32541897E-08
   5.61999989       1.28132145E-08
   5.62999964       1.04578834E-08
   5.63999987       6.47169340E-09
   5.65000010       1.36744793E-09
   5.65999985      -4.20323643E-09
   5.67000008      -9.53436263E-09
   5.67999983      -1.39618086E-08
   5.69000006      -1.69497874E-08
   5.69999981      -1.81404527E-08
   5.71000004      -1.73966921E-08
   5.71999979      -1.48112536E-08
   5.73000002      -1.06759250E-08
   5.73999977      -5.45503420E-09
   5.75000000       2.76127760E-10
   5.75999975       5.90962568E-09
   5.76999998       1.08562865E-08
   5.77999973       1.46218948E-08
   5.78999996       1.68416765E-08
   5.79999971       1.73364523E-08
   5.80999994       1.60978075E-08
   5.81999969       1.33001317E-08
   5.82999992       9.27143429E-09
   5.83999968       4.45378401E-09
   5.84999990      -6.51325993E-10
   5.85999966      -5.52703971E-09
   5.86999989      -9.69768088E-09
   5.87999964      -1.27792985E-08
   5.88999987      -1.45069494E-08
   5.90000010      -1.47599275E-08
   5.90999985      -1.35658178E-08
   5.92000008      -1.10979688E-08
   5.92999983      -7.64728281E-09
   5.94000006      -3.58082497E-09
   5.94999981       6.72638667E-10
   5.96000004       4.70052886E-09
   5.96999979       8.11881229E-09
   5.98000002       1.06204610E-08
   5.98999977       1.19989974E-08
   6.00000000       1.21657369E-08
   6.00999975       1.11537419E-08
   6.01999998       9.10859388E-09
   6.02999973       6.26790708E-09
   6.03999996       2.94020963E-09
   6.04999971      -5.35336442E-10
   6.05999994      -3.81882126E-09
   6.06999969      -6.59924160E-09
   6.07999992      -8.63336691E-09
   6.08999968      -9.74981340E-09
   6.09999990      -9.88219906E-09
   6.10999966      -9.05648889E-09
   6.11999989      -7.39116413E-09
   6.12999964      -5.08290610E-09
   6.13999987      -2.37210540E-09
   6.15000010       4.57903104E-10
   6.15999985       3.13157544E-09
   6.17000008       5.39935918E-09
   6.17999983       7.05563075E-09
   6.19000006       7.97091104E-09
   6.19999981       8.08546030E-09
   6.21000004       7.41687511E-09
   6.21999979       6.05976647E-09
   6.23000002       4.17676116E-09
   6.23999977       1.96365812E-09
   6.25000000      -3.49785007E-10
   6.25999975      -2.54159604E-09
   6.26999998      -4.40111414E-09
   6.27999973      -5.76868464E-09
   6.28999996      -6.52669829E-09
   6.29999971      -6.62793598E-09
   6.30999994      -6.08764283E-09
   6.31999969      -4.98239894E-09
   6.32999992      -3.43855922E-09
   6.33999968      -1.62129143E-09
   6.34999990       2.83229662E-10
   6.35999966       2.08999973E-09
   6.36999989       3.62847552E-09
   6.37999964       4.76423390E-09
   6.38999987       5.39624967E-09
   6.39999962       5.48669110E-09
   6.40999985       5.04777420E-09
   6.42000008       4.13830525E-09
   6.42999983       2.86236701E-09
   6.44000006       1.35703315E-09
   6.44999981      -2.23641994E-10
   6.46000004      -1.72546533E-09
   6.46999979      -3.01106362E-09
   6.48000002      -3.95963529E-09
   6.48999977      -4.49463045E-09
   6.50000000      -4.57729143E-09
   6.50999975      -4.21696589E-09
   6.51999998      -3.46320084E-09
   6.52999973      -2.40196352E-09
   6.53999996      -1.14665299E-09
   6.54999971       1.76851478E-10
   6.55999994       1.43788892E-09
   6.56999969       2.51674726E-09
   6.57999992       3.31796146E-09
   6.58999968       3.76880349E-09
   6.59999990       3.84463972E-09
   6.60999966       3.54728891E-09
   6.61999989       2.91443758E-09
   6.62999964       2.02437578E-09
   6.63999987       9.65455937E-10
   6.64999962      -1.51260171E-10
   6.65999985      -1.21720745E-09
   6.67000008      -2.13257301E-09
   6.67999983      -2.81207968E-09
   6.69000006      -3.20221649E-09
   6.69999981      -3.26778427E-09
   6.71000004      -3.01996117E-09
   6.71999979      -2.48737630E-09
   6.73000002      -1.73227910E-09
   6.73999977      -8.34246616E-10
   6.75000000       1.15916485E-10
   6.75999975       1.02565811E-09
   6.76999998       1.80670279E-09
   6.77999973       2.39093545E-09
   6.78999996       2.72695910E-09
   6.79999971       2.78943846E-09
   6.80999994       2.58009170E-09
   6.81999969       2.13014673E-09
   6.82999992       1.48905921E-09
   6.83999968       7.21337712E-10
   6.84999990      -9.15835047E-11
   6.85999966      -8.70665540E-10
   6.86999989      -1.54045976E-09
   6.87999964      -2.04227080E-09
   6.88999987      -2.33072628E-09
   6.89999962      -2.38429454E-09
   6.90999985      -2.20746865E-09
   6.92000008      -1.81817061E-09
   6.92999983      -1.26471178E-09
   6.94000006      -6.03019412E-10
   6.94999981       9.85922385E-11
   6.96000004       7.74656284E-10
   6.96999979       1.35770717E-09
   6.98000002       1.79311654E-09
   6.98999977       2.04657802E-09
   7.00000000       2.09726014E-09
   7.00999975       1.94655669E-09
   7.01999998       1.61255209E-09
   7.02999973       1.13264753E-09
   7.03999996       5.60563485E-10
   7.04999971      -4.85858125E-11
   7.05999994      -6.34175990E-10
   7.06999969      -1.14283771E-09
   7.07999992      -1.52685709E-09
   7.08999968      -1.74853676E-09
   7.09999990      -1.79695847E-09
   7.10999966      -1.66679182E-09
   7.11999989      -1.37950529E-09
   7.12999964      -9.64603286E-10
   7.13999987      -4.64262101E-10
   7.14999962       6.54035229E-11
   7.15999985       5.74535086E-10
   7.17000008       1.01665387E-09
   7.17999983       1.34945999E-09
   7.19000006       1.54523072E-09
   7.19999981       1.58484847E-09
   7.21000004       1.47072154E-09
   7.21999979       1.21695731E-09
   7.23000002       8.54083970E-10
   7.23999977       4.14797863E-10
   7.25000000      -5.29115744E-11
   7.25999975      -5.05834374E-10
   7.26999998      -8.95741314E-10
   7.27999973      -1.18965959E-09
   7.28999996      -1.36259948E-09
   7.29999971      -1.40187417E-09
   7.30999994      -1.30254385E-09
   7.31999969      -1.08098208E-09
   7.32999992      -7.58998031E-10
   7.33999968      -3.73418296E-10
   7.34999990       3.94518515E-11
   7.35999966       4.39945053E-10
   7.36999989       7.87223231E-10
   7.37999964       1.05144582E-09
   7.38999987       1.20874799E-09
   7.39999962       1.24324850E-09
   7.40999985       1.15873000E-09
   7.41999960       9.64519353E-10
   7.42999983       6.84063806E-10
   7.44000006       3.43039680E-10
   7.44999981      -2.15597158E-11
   7.46000004      -3.74561188E-10
   7.46999979      -6.83529067E-10
   7.48000002      -9.16492882E-10
   7.48999977      -1.05451181E-09
   7.50000000      -1.08712350E-09
   7.50999975      -1.01259345E-09
   7.51999998      -8.41138881E-10
   7.52999973      -5.91980076E-10
   7.53999996      -2.90467345E-10
   7.54999971       3.35454095E-11
   7.55999994       3.46625284E-10
   7.56999969       6.19643559E-10
   7.57999992       8.26336666E-10
   7.58999968       9.46046130E-10
   7.59999990       9.74262226E-10
   7.60999966       9.06546449E-10
   7.61999989       7.51352092E-10
   7.62999964       5.24899957E-10
   7.63999987       2.51482918E-10
   7.64999962      -3.98858793E-11
   7.65999985      -3.21680377E-10
   7.66999960      -5.68648351E-10
   7.67999983      -7.57234608E-10
   7.69000006      -8.67235006E-10
   7.69999981      -8.93746244E-10
   7.71000004      -8.33720426E-10
   7.71999979      -6.95382418E-10
   7.73000002      -4.94726260E-10
   7.73999977      -2.49725712E-10
   7.75000000       1.20582650E-11
   7.75999975       2.67137923E-10
   7.76999998       4.90688823E-10
   7.77999973       6.60506150E-10
   7.78999996       7.62013230E-10
   7.79999971       7.89831756E-10
   7.80999994       7.37639061E-10
   7.81999969       6.14746087E-10
   7.82999992       4.35557673E-10
   7.83999968       2.19765220E-10
   7.84999990      -1.42898271E-11
   7.85999966      -2.41810710E-10
   7.86999989      -4.42889753E-10
   7.87999964      -5.92550176E-10
   7.88999987      -6.83765988E-10
   7.89999962      -7.06597891E-10
   7.90999985      -6.60801525E-10
   7.91999960      -5.46805046E-10
   7.92999983      -3.84462850E-10
   7.94000006      -1.86908489E-10
   7.94999981       2.43624600E-11
   7.96000004       2.33474878E-10
   7.96999979       4.13705070E-10
   7.98000002       5.52415447E-10
   7.98999977       6.36939224E-10
   8.00000000       6.57177368E-10
   8.01000023       6.14602702E-10
   8.01999950       5.13865339E-10
   8.02999973       3.67024577E-10
   8.03999996       1.86173757E-10
   8.05000019      -5.82400794E-12
   8.05999947      -1.94712260E-10
   8.06999969      -3.60576402E-10
   8.07999992      -4.84574492E-10
   8.09000015      -5.62625779E-10
   8.09999943      -5.83599447E-10
   8.10999966      -5.46255818E-10
   8.11999989      -4.55715687E-10
   8.13000011      -3.23548438E-10
   8.13999939      -1.59459945E-10
   8.14999962       1.40276228E-11
   8.15999985       1.84876309E-10
   8.17000008       3.34883621E-10
   8.17999935       4.48973136E-10
   8.18999958       5.15964826E-10
   8.19999981       5.35383571E-10
   8.21000004       5.00156139E-10
   8.22000027       4.17992196E-10
   8.22999954       2.96022873E-10
   8.23999977       1.49551774E-10
   8.25000000      -1.14297643E-11
   8.26000023      -1.66158948E-10
   8.26999950      -3.03236769E-10
   8.27999973      -4.08191453E-10
   8.28999996      -4.70514183E-10
   8.30000019      -4.86719443E-10
   8.30999947      -4.56423233E-10
   8.31999969      -3.80062537E-10
   8.32999992      -2.68340822E-10
   8.34000015      -1.33861186E-10
   8.34999943       1.18298834E-11
   8.35999966       1.56586716E-10
   8.36999989       2.81121904E-10
   8.38000011       3.76781856E-10
   8.38999939       4.35129488E-10
   8.39999962       4.50355836E-10
   8.40999985       4.21101848E-10
   8.42000008       3.52168877E-10
   8.42999935       2.50957893E-10
   8.43999958       1.25436397E-10
   8.44999981      -8.11811902E-12
   8.46000004      -1.39456294E-10
   8.47000027      -2.55238802E-10
   8.47999954      -3.42913392E-10
   8.48999977      -3.97268995E-10
   8.50000000      -4.11295581E-10
   8.51000023      -3.85900090E-10
   8.51999950      -3.22343430E-10
   8.52999973      -2.28693439E-10
   8.53999996      -1.15741181E-10
   8.55000019       8.40684120E-12
   8.55999947       1.27860431E-10
   8.56999969       2.35301945E-10
   8.57999992       3.14662851E-10
   8.59000015       3.64001884E-10
   8.59999943       3.76762399E-10
   8.60999966       3.53594931E-10
   8.61999989       2.94811148E-10
   8.63000011       2.08888712E-10
   8.63999939       1.02417741E-10
   8.64999962      -1.07692483E-11
   8.65999985      -1.23107025E-10
   8.67000008      -2.19862240E-10
   8.67999935      -2.96516423E-10
   8.68999958      -3.42776363E-10
   8.69999981      -3.55244584E-10
   8.71000004      -3.31625727E-10
   8.72000027      -2.79837598E-10
   8.72999954      -2.00460704E-10
   8.73999977      -1.02102896E-10
   8.75000000       2.38973771E-12
   8.76000023       1.07485923E-10
   8.76999950       1.98206590E-10
   8.77999973       2.68085665E-10
   8.78999996       3.11715126E-10
   8.80000019       3.24784782E-10
   8.80999947       3.05765135E-10
   8.81999969       2.56905247E-10
   8.82999992       1.84368090E-10
   8.84000015       9.80897655E-11
   8.84999943      -1.41777432E-12
   8.85999966      -9.39087072E-11
   8.86999989      -1.75723228E-10
   8.88000011      -2.43103232E-10
   8.88999939      -2.81728280E-10
   8.89999962      -2.91122515E-10
   8.90999985      -2.73869344E-10
   8.92000008      -2.27757091E-10
   8.92999935      -1.62834288E-10
   8.93999958      -7.94902408E-11
   8.94999981       1.10217651E-11
   8.96000004       9.74591519E-11
   8.97000027       1.76585913E-10
   8.97999954       2.35353431E-10
   8.98999977       2.73211259E-10
   9.00000000       2.82935758E-10
   9.01000023       2.65380079E-10
   9.01999950       2.23983512E-10
   9.02999973       1.59536856E-10
   9.03999996       8.35648634E-11
   9.05000019       1.15808513E-13
   9.05999947      -8.22236723E-11
   9.06999969      -1.54783755E-10
   9.07999992      -2.10936324E-10
   9.09000015      -2.43045500E-10
   9.09999943      -2.53477933E-10
   9.10999966      -2.36298092E-10
   9.11999989      -1.98930858E-10
   9.13000011      -1.42025350E-10
   9.13999939      -6.77714829E-11
   9.14999962       9.04196770E-12
   9.15999985       8.52063697E-11
   9.17000008       1.51852031E-10
   9.17999935       2.04613201E-10
   9.18999958       2.36395487E-10
   9.19999981       2.45970688E-10
   9.21000004       2.30402919E-10
   9.22000027       1.93947372E-10
   9.22999954       1.39642811E-10
   9.23999977       7.34278957E-11
   9.25000000       1.24144605E-13
   9.26000023      -7.03499689E-11
   9.26999950      -1.34486297E-10
   9.27999973      -1.83843024E-10
   9.28999996      -2.13509793E-10
   9.30000019      -2.22734331E-10
   9.30999947      -2.09773629E-10
   9.31999969      -1.76263754E-10
   9.32999992      -1.26485419E-10
   9.34000015      -6.47233447E-11
   9.34999943       2.34860222E-12
   9.35999966       6.75411185E-11
   9.36999989       1.25519609E-10
   9.38000011       1.72634351E-10
   9.38999939       1.99164921E-10
   9.39999962       2.06768977E-10
   9.40999985       1.93926167E-10
   9.42000008       1.62554512E-10
   9.42999935       1.17494944E-10
   9.43999958       5.83807447E-11
   9.44999981      -5.06355461E-12
   9.46000004      -6.60183228E-11
   9.46999931      -1.21472457E-10
   9.47999954      -1.63051794E-10
   9.48999977      -1.88944971E-10
   9.50000000      -1.96744482E-10
   9.51000023      -1.85080298E-10
   9.51999950      -1.55330734E-10
   9.52999973      -1.11222420E-10
   9.53999996      -5.79347265E-11
   9.55000019       1.56833259E-12
   9.55999947       5.91099253E-11
   9.56999969       1.09701657E-10
   9.57999992       1.51503171E-10
   9.59000015       1.75126844E-10
   9.59999943       1.80853374E-10
   9.60999966       1.70631384E-10
   9.61999989       1.43059870E-10
   9.63000011       1.00751636E-10
   9.63999939       5.08443912E-11
   9.64999962      -4.85451870E-12
   9.65999985      -5.86383928E-11
   9.67000008      -1.05751678E-10
   9.67999935      -1.44029039E-10
   9.68999958      -1.67172401E-10
   9.69999981      -1.73272563E-10
   9.71000004      -1.63633371E-10
   9.71999931      -1.38301398E-10
   9.72999954      -9.74163389E-11
   9.73999977      -5.00120223E-11
   9.75000000       2.79396775E-12
   9.76000023       5.30853868E-11
   9.76999950       9.92789809E-11
   9.77999973       1.35786826E-10
   9.78999996       1.59628685E-10
   9.80000019       1.64285294E-10
   9.80999947       1.55717134E-10
   9.81999969       1.34110445E-10
   9.82999992       9.90927201E-11
   9.84000015       5.32716510E-11
   9.84999943       8.94069627E-12
   9.85999966      -3.72529022E-11
   9.86999989      -7.97212088E-11
   9.88000011      -1.13993877E-10
   9.88999939      -1.31130218E-10
   9.89999962      -1.37463207E-10
   9.90999985      -1.26659863E-10
   9.92000008      -1.03563068E-10
   9.92999935      -7.11530418E-11
   9.93999958      -2.83122050E-11
   9.94999981       1.97440380E-11
   9.96000004       6.37024600E-11
   9.96999931       1.07102091E-10
   9.97999954       1.37556341E-10
   9.98999977       1.56741592E-10
