 monx mony
   1.00000000       1.00000000    
   2.00000000      0.955439806    
   3.00000000      0.916675210    
   4.00000000      0.878945827    
   5.00000000      0.845619202    
   6.00000000      0.825277627    
   7.00000000      0.810214996    
   8.00000000      0.803806305    
   9.00000000      0.799848199    
   10.0000000      0.795734644    
   11.0000000      0.793156922    
   12.0000000      0.789611876    
   13.0000000      0.786119759    
   14.0000000      0.783120632    
   15.0000000      0.780686975    
   16.0000000      0.777846158    
   17.0000000      0.776776135    
   18.0000000      0.774327278    
   19.0000000      0.771110237    
   20.0000000      0.768862367    
   21.0000000      0.767194629    
   22.0000000      0.765067160    
   23.0000000      0.764815271    
   24.0000000      0.762526393    
   25.0000000      0.759899795    
   26.0000000      0.758099318    
   27.0000000      0.756796062    
   28.0000000      0.755047798    
   29.0000000      0.754980683    
   30.0000000      0.752904296    
