 monx mony
   1.00000000       1.00000000    
   2.00000000      0.955024004    
   3.00000000      0.916396916    
   4.00000000      0.878604710    
   5.00000000      0.845400155    
   6.00000000      0.825402677    
   7.00000000      0.810200036    
   8.00000000      0.803687751    
   9.00000000      0.799806654    
   10.0000000      0.795663238    
   11.0000000      0.793187559    
   12.0000000      0.789588630    
   13.0000000      0.786109924    
   14.0000000      0.783043265    
   15.0000000      0.780672133    
   16.0000000      0.777819157    
   17.0000000      0.776937783    
   18.0000000      0.774283528    
   19.0000000      0.771145403    
   20.0000000      0.768900216    
   21.0000000      0.767239273    
   22.0000000      0.765084445    
   23.0000000      0.764942527    
   24.0000000      0.762607932    
   25.0000000      0.759933174    
   26.0000000      0.758097768    
   27.0000000      0.756824672    
   28.0000000      0.755046010    
   29.0000000      0.753849685    
   30.0000000      0.752466917    
