 x y
   1.00000000       1.00000000    
   2.00000000      0.780807734    
   3.00000000      0.519122362    
   4.00000000      0.464813769    
   5.00000000      0.448890328    
   6.00000000      0.406886369    
   7.00000000      0.372831583    
   8.00000000      0.313826710    
   9.00000000      0.286658347    
   10.0000000      0.262389570    
   11.0000000      0.242395923    
   12.0000000      0.219964683    
   13.0000000      0.219833001    
   14.0000000      0.213854283    
   15.0000000      0.205494195    
   16.0000000      0.191801965    
   17.0000000      0.180366322    
   18.0000000      0.171996757    
   19.0000000      0.160223335    
   20.0000000      0.155501902    
   21.0000000      0.153534532    
   22.0000000      0.152789384    
   23.0000000      0.152653188    
   24.0000000      0.144492373    
   25.0000000      0.134658545    
   26.0000000      0.130029127    
   27.0000000      0.127770036    
   28.0000000      0.126410618    
   29.0000000      0.126262933    
   30.0000000      0.126108229    
   31.0000000      0.125300109    
   32.0000000      0.122925244    
   33.0000000      0.121681161    
   34.0000000      0.121117957    
   35.0000000      0.120613828    
   36.0000000      0.120066486    
   37.0000000      0.119440719    
   38.0000000      0.118674986    
   39.0000000      0.117991693    
   40.0000000      0.117267609    
   41.0000000      0.116483271    
   42.0000000      0.115916014    
   43.0000000      0.115068063    
   44.0000000      0.114097729    
   45.0000000      0.113141850    
   46.0000000      0.112157457    
   47.0000000      0.111053787    
   48.0000000      0.109952413    
   49.0000000      0.108803287    
   50.0000000      0.107539408    
