 x y
   1.00000000       1.00000000    
   2.00000000      0.780807734    
   3.00000000      0.599229634    
   4.00000000      0.521983981    
   5.00000000      0.442785233    
   6.00000000      0.362196833    
   7.00000000      0.325913519    
   8.00000000      0.297943830    
   9.00000000      0.279675424    
   10.0000000      0.259588033    
   11.0000000      0.238918170    
   12.0000000      0.238685653    
   13.0000000      0.211542934    
   14.0000000      0.202436745    
   15.0000000      0.194957793    
   16.0000000      0.188584626    
   17.0000000      0.182708576    
   18.0000000      0.176207423    
   19.0000000      0.170522943    
   20.0000000      0.167236358    
   21.0000000      0.162728086    
   22.0000000      0.155961215    
   23.0000000      0.150682285    
   24.0000000      0.146716341    
   25.0000000      0.141858041    
   26.0000000      0.141165599    
   27.0000000      0.138280153    
   28.0000000      0.137324587    
   29.0000000      0.135285035    
   30.0000000      0.133504093    
   31.0000000      0.132209927    
   32.0000000      0.131189853    
   33.0000000      0.129759878    
   34.0000000      0.128991410    
   35.0000000      0.128738463    
   36.0000000      0.126498014    
   37.0000000      0.125598148    
   38.0000000      0.124957472    
   39.0000000      0.124390222    
   40.0000000      0.124056332    
   41.0000000      0.123673588    
   42.0000000      0.123429641    
   43.0000000      0.123045795    
   44.0000000      0.122594386    
   45.0000000      0.122158989    
   46.0000000      0.121497966    
   47.0000000      0.120905980    
   48.0000000      0.120473854    
   49.0000000      0.120220020    
   50.0000000      0.119936384    
