 x y
   1.00000000       1.00000000    
   2.00000000      0.780807734    
   3.00000000      0.615148485    
   4.00000000      0.512010098    
   5.00000000      0.484964967    
   6.00000000      0.404850304    
   7.00000000      0.353293419    
   8.00000000      0.317431331    
   9.00000000      0.285509497    
   10.0000000      0.282283157    
   11.0000000      0.251495302    
   12.0000000      0.247353211    
   13.0000000      0.237857208    
   14.0000000      0.233583659    
   15.0000000      0.229941875    
   16.0000000      0.226276428    
   17.0000000      0.222159177    
   18.0000000      0.218610018    
   19.0000000      0.213909835    
   20.0000000      0.210507557    
   21.0000000      0.206665114    
   22.0000000      0.204403207    
   23.0000000      0.199125394    
   24.0000000      0.198974743    
   25.0000000      0.193129122    
   26.0000000      0.189637884    
   27.0000000      0.186589137    
   28.0000000      0.184651330    
   29.0000000      0.181339890    
   30.0000000      0.180522606    
   31.0000000      0.176666558    
   32.0000000      0.175178066    
   33.0000000      0.174219504    
   34.0000000      0.172287196    
   35.0000000      0.170816213    
   36.0000000      0.170627862    
   37.0000000      0.169086158    
   38.0000000      0.167930424    
   39.0000000      0.167414293    
   40.0000000      0.166833833    
   41.0000000      0.166233018    
   42.0000000      0.165583506    
   43.0000000      0.164885730    
   44.0000000      0.164138719    
   45.0000000      0.163341329    
   46.0000000      0.162495598    
   47.0000000      0.161625668    
   48.0000000      0.160643891    
   49.0000000      0.159593761    
   50.0000000      0.158522978    
