 x y
   1.00000000       1.00000000    
   2.00000000      0.780807734    
   3.00000000      0.605341196    
   4.00000000      0.543874264    
   5.00000000      0.453931868    
   6.00000000      0.387054265    
   7.00000000      0.350403666    
   8.00000000      0.305818230    
   9.00000000      0.277518749    
   10.0000000      0.255581886    
   11.0000000      0.242145985    
   12.0000000      0.232851192    
   13.0000000      0.210162893    
   14.0000000      0.209043100    
   15.0000000      0.193569228    
   16.0000000      0.188109830    
   17.0000000      0.181383058    
   18.0000000      0.174335927    
   19.0000000      0.167991787    
   20.0000000      0.159444824    
   21.0000000      0.157630205    
   22.0000000      0.156612098    
   23.0000000      0.155426145    
   24.0000000      0.154451460    
   25.0000000      0.153232083    
   26.0000000      0.152416468    
   27.0000000      0.151791215    
   28.0000000      0.150635645    
   29.0000000      0.149818510    
   30.0000000      0.149067968    
   31.0000000      0.148107558    
   32.0000000      0.147173911    
   33.0000000      0.146077320    
   34.0000000      0.145522341    
   35.0000000      0.144918025    
   36.0000000      0.144101754    
   37.0000000      0.143356517    
   38.0000000      0.142596796    
   39.0000000      0.141740665    
   40.0000000      0.140845478    
   41.0000000      0.140211552    
   42.0000000      0.139808163    
   43.0000000      0.138704613    
   44.0000000      0.137954220    
   45.0000000      0.136573285    
   46.0000000      0.135350287    
   47.0000000      0.134966031    
   48.0000000      0.134461075    
   49.0000000      0.133990958    
   50.0000000      0.133510709    
