 x y
   1.00000000       1.00000000    
   2.00000000      0.780807734    
   3.00000000      0.602583647    
   4.00000000      0.501970351    
   5.00000000      0.470044464    
   6.00000000      0.401020944    
   7.00000000      0.380399913    
   8.00000000      0.347767979    
   9.00000000      0.329307258    
   10.0000000      0.316750258    
   11.0000000      0.303412586    
   12.0000000      0.284992635    
   13.0000000      0.274549425    
   14.0000000      0.263945520    
   15.0000000      0.256008863    
   16.0000000      0.246982306    
   17.0000000      0.240153775    
   18.0000000      0.232995361    
   19.0000000      0.226940215    
   20.0000000      0.224207208    
   21.0000000      0.222715810    
   22.0000000      0.209192783    
   23.0000000      0.204050258    
   24.0000000      0.200052693    
   25.0000000      0.198960707    
   26.0000000      0.191198215    
   27.0000000      0.187247887    
   28.0000000      0.184021115    
   29.0000000      0.182369739    
   30.0000000      0.182048574    
   31.0000000      0.176439568    
   32.0000000      0.172412544    
   33.0000000      0.169919714    
   34.0000000      0.169222027    
   35.0000000      0.165305197    
   36.0000000      0.162851945    
   37.0000000      0.160672456    
   38.0000000      0.158899561    
   39.0000000      0.156998277    
   40.0000000      0.156705528    
   41.0000000      0.153478548    
   42.0000000      0.151589021    
   43.0000000      0.149901584    
   44.0000000      0.148654833    
   45.0000000      0.147124186    
   46.0000000      0.145470619    
   47.0000000      0.144308016    
   48.0000000      0.143134952    
   49.0000000      0.141899809    
   50.0000000      0.140558913    
