 x y
   1.00000000       1.00000000    
   2.00000000      0.780807734    
   3.00000000      0.519122362    
   4.00000000      0.464813769    
   5.00000000      0.448890328    
   6.00000000      0.406886369    
   7.00000000      0.372831583    
   8.00000000      0.334165037    
   9.00000000      0.329508573    
   10.0000000      0.328938514    
   11.0000000      0.312248766    
   12.0000000      0.286536664    
   13.0000000      0.267071217    
   14.0000000      0.252515674    
   15.0000000      0.240747124    
   16.0000000      0.234138474    
   17.0000000      0.232881576    
   18.0000000      0.232179701    
   19.0000000      0.229440302    
   20.0000000      0.225098789    
   21.0000000      0.218017370    
   22.0000000      0.207663298    
   23.0000000      0.198324978    
   24.0000000      0.196679652    
   25.0000000      0.196646705    
   26.0000000      0.194120884    
   27.0000000      0.188939974    
   28.0000000      0.181943282    
   29.0000000      0.174108773    
   30.0000000      0.170733377    
   31.0000000      0.168138176    
   32.0000000      0.165757030    
   33.0000000      0.164893121    
   34.0000000      0.164846092    
   35.0000000      0.164219871    
   36.0000000      0.163151205    
   37.0000000      0.161883324    
   38.0000000      0.161000445    
   39.0000000      0.160345137    
   40.0000000      0.158821329    
   41.0000000      0.156540483    
   42.0000000      0.153810725    
   43.0000000      0.151029348    
   44.0000000      0.149124533    
   45.0000000      0.148870930    
   46.0000000      0.148760766    
   47.0000000      0.147850603    
   48.0000000      0.146051839    
   49.0000000      0.143415764    
   50.0000000      0.140247270    
