 x y
   1.00000000       1.00000000    
   2.00000000      0.780807734    
   3.00000000      0.612886012    
   4.00000000      0.512655258    
   5.00000000      0.488823980    
   6.00000000      0.448922098    
   7.00000000      0.382686704    
   8.00000000      0.352891594    
   9.00000000      0.308867753    
   10.0000000      0.290723622    
   11.0000000      0.267920226    
   12.0000000      0.257711798    
   13.0000000      0.257662147    
   14.0000000      0.249760211    
   15.0000000      0.230265602    
   16.0000000      0.226376742    
   17.0000000      0.222830862    
   18.0000000      0.218739286    
   19.0000000      0.214723274    
   20.0000000      0.210404351    
   21.0000000      0.205972508    
   22.0000000      0.204283893    
   23.0000000      0.202776685    
   24.0000000      0.200465068    
   25.0000000      0.199170589    
   26.0000000      0.197781071    
   27.0000000      0.194235310    
   28.0000000      0.186970964    
   29.0000000      0.183461919    
   30.0000000      0.181865200    
   31.0000000      0.178645611    
   32.0000000      0.176625326    
   33.0000000      0.174106821    
   34.0000000      0.172974288    
   35.0000000      0.172169343    
   36.0000000      0.167957529    
   37.0000000      0.166073382    
   38.0000000      0.164369047    
   39.0000000      0.162292361    
   40.0000000      0.161903381    
   41.0000000      0.161860615    
   42.0000000      0.158724636    
   43.0000000      0.158354238    
   44.0000000      0.156577304    
   45.0000000      0.155456185    
   46.0000000      0.153856382    
   47.0000000      0.152830034    
   48.0000000      0.152134731    
   49.0000000      0.151409894    
   50.0000000      0.150875866    
