 x y
   1.00000000       1.00000000    
   2.00000000      0.735999405    
   3.00000000      0.600273013    
   4.00000000      0.551815808    
   5.00000000      0.485449731    
   6.00000000      0.450241297    
   7.00000000      0.423678428    
   8.00000000      0.405934036    
   9.00000000      0.385352761    
   10.0000000      0.373762399    
   11.0000000      0.349367470    
   12.0000000      0.328166813    
   13.0000000      0.316747189    
   14.0000000      0.306725740    
   15.0000000      0.303436875    
   16.0000000      0.291300774    
   17.0000000      0.290840834    
   18.0000000      0.286989957    
   19.0000000      0.280821413    
   20.0000000      0.271283716    
   21.0000000      0.265511483    
   22.0000000      0.257653832    
   23.0000000      0.250685751    
   24.0000000      0.247078106    
   25.0000000      0.244059950    
   26.0000000      0.243098795    
   27.0000000      0.242857397    
   28.0000000      0.242787302    
   29.0000000      0.242797822    
   30.0000000      0.242798597    
   31.0000000      0.242779031    
   32.0000000      0.242781088    
   33.0000000      0.242780536    
   34.0000000      0.242776066    
   35.0000000      0.242774844    
   36.0000000      0.242773041    
   37.0000000      0.242770791    
   38.0000000      0.242768183    
   39.0000000      0.242764995    
   40.0000000      0.242756471    
   41.0000000      0.242743209    
   42.0000000      0.242726445    
   43.0000000      0.242706940    
   44.0000000      0.242678776    
   45.0000000      0.242631137    
   46.0000000      0.242582470    
   47.0000000      0.242525727    
   48.0000000      0.242451638    
   49.0000000      0.242365375    
   50.0000000      0.242262647    
