 x y
   1.00000000       1.00000000    
   2.00000000      0.780807734    
   3.00000000      0.605341196    
   4.00000000      0.543874264    
   5.00000000      0.449603468    
   6.00000000      0.369514257    
   7.00000000      0.340104222    
   8.00000000      0.308504522    
   9.00000000      0.304203421    
   10.0000000      0.283820033    
   11.0000000      0.272072494    
   12.0000000      0.264183789    
   13.0000000      0.254999369    
   14.0000000      0.249058858    
   15.0000000      0.239588737    
   16.0000000      0.233404532    
   17.0000000      0.227145031    
   18.0000000      0.220474735    
   19.0000000      0.213888332    
   20.0000000      0.207218885    
   21.0000000      0.202227056    
   22.0000000      0.195240512    
   23.0000000      0.193433613    
   24.0000000      0.192195326    
   25.0000000      0.191192970    
   26.0000000      0.189857736    
   27.0000000      0.189567819    
   28.0000000      0.187978223    
   29.0000000      0.186344594    
   30.0000000      0.186332196    
   31.0000000      0.186127126    
   32.0000000      0.185947135    
   33.0000000      0.185774550    
   34.0000000      0.185597450    
   35.0000000      0.185408100    
   36.0000000      0.185202256    
   37.0000000      0.184977159    
   38.0000000      0.184730664    
   39.0000000      0.184461892    
   40.0000000      0.184168771    
   41.0000000      0.183849841    
   42.0000000      0.183502451    
   43.0000000      0.183124751    
   44.0000000      0.182714507    
   45.0000000      0.182268694    
   46.0000000      0.181785405    
   47.0000000      0.181262210    
   48.0000000      0.180696860    
   49.0000000      0.180085987    
   50.0000000      0.179446891    
