 x y
   1.00000000       1.00000000    
   2.00000000      0.780807734    
   3.00000000      0.524709523    
   4.00000000      0.484500349    
   5.00000000      0.451519370    
   6.00000000      0.442363560    
   7.00000000      0.427844942    
   8.00000000      0.310299039    
   9.00000000      0.295184046    
   10.0000000      0.263558120    
   11.0000000      0.244555533    
   12.0000000      0.222581998    
   13.0000000      0.200431690    
   14.0000000      0.177171648    
   15.0000000      0.158043727    
   16.0000000      0.149406999    
   17.0000000      0.136933938    
   18.0000000      0.130166352    
   19.0000000      0.123548895    
   20.0000000      0.119830213    
   21.0000000      0.116301343    
   22.0000000      0.111971751    
   23.0000000      0.107541300    
   24.0000000      0.103934579    
   25.0000000      0.101134755    
   26.0000000       9.82776806E-02
   27.0000000       9.68666151E-02
   28.0000000       9.39954072E-02
   29.0000000       9.19936746E-02
   30.0000000       9.12623852E-02
   31.0000000       9.07520205E-02
   32.0000000       8.94788504E-02
   33.0000000       8.82862061E-02
   34.0000000       8.72726217E-02
   35.0000000       8.67872238E-02
   36.0000000       8.59396532E-02
   37.0000000       8.38529691E-02
   38.0000000       8.27340260E-02
   39.0000000       8.22480470E-02
   40.0000000       8.19114298E-02
   41.0000000       8.14211890E-02
   42.0000000       8.11018124E-02
   43.0000000       8.06221962E-02
   44.0000000       8.00787285E-02
   45.0000000       7.95198008E-02
   46.0000000       7.90044367E-02
   47.0000000       7.84986094E-02
   48.0000000       7.80175850E-02
   49.0000000       7.75752813E-02
   50.0000000       7.71731585E-02
