 x y
   1.00000000       1.00000000    
   2.00000000      0.780807734    
   3.00000000      0.599229634    
   4.00000000      0.521983981    
   5.00000000      0.445343882    
   6.00000000      0.371754885    
   7.00000000      0.353770792    
   8.00000000      0.314676136    
   9.00000000      0.305367798    
   10.0000000      0.276298761    
   11.0000000      0.262230277    
   12.0000000      0.247281939    
   13.0000000      0.218392283    
   14.0000000      0.209300652    
   15.0000000      0.195617214    
   16.0000000      0.186430946    
   17.0000000      0.176766261    
   18.0000000      0.169309184    
   19.0000000      0.164558381    
   20.0000000      0.158616662    
   21.0000000      0.158228591    
   22.0000000      0.153225392    
   23.0000000      0.149516091    
   24.0000000      0.145654291    
   25.0000000      0.143255115    
   26.0000000      0.140582368    
   27.0000000      0.138874456    
   28.0000000      0.137398556    
   29.0000000      0.136114597    
   30.0000000      0.134630531    
   31.0000000      0.133384392    
   32.0000000      0.132780746    
   33.0000000      0.132156312    
   34.0000000      0.131498635    
   35.0000000      0.131013304    
   36.0000000      0.130611330    
   37.0000000      0.130197406    
   38.0000000      0.129765362    
   39.0000000      0.129316986    
   40.0000000      0.128862008    
   41.0000000      0.128423080    
   42.0000000      0.127797827    
   43.0000000      0.127248421    
   44.0000000      0.126910657    
   45.0000000      0.126597539    
   46.0000000      0.126201347    
   47.0000000      0.125773251    
   48.0000000      0.125317678    
   49.0000000      0.124830484    
   50.0000000      0.124329008    
