t y
0.0 -4.4959675789e-24
0.0026 -8.48442859418e-24
0.0052 4.13412073016e-25
0.0078 1.93290737965e-23
0.0104 1.72655272644e-23
0.013 -2.21475665258e-23
0.0156 -5.05035693498e-23
0.0182 -8.87485794427e-24
0.0208 7.60832992803e-23
0.023399999999999997 1.06908701795e-22
0.026 4.33850620905e-24
0.0286 -1.98112104357e-22
0.0312 -2.70570455249e-22
0.0338 4.17602894603e-23
0.0364 5.61235987165e-22
0.039 5.86795989262e-22
0.0416 -4.05006085989e-22
0.044199999999999996 -1.85713215264e-21
0.046799999999999994 -2.23310694563e-21
0.0494 -7.04813013806e-22
0.052 9.72296687887e-22
0.054599999999999996 -9.89556005238e-22
0.0572 -8.87363495113e-21
0.0598 -2.00804652981e-20
0.0624 -2.82955772399e-20
0.065 -2.96552230601e-20
0.0676 -2.76588969687e-20
0.0702 -3.10494553696e-20
0.0728 -4.325819854e-20
0.0754 -4.14830560207e-20
0.078 4.53561741427e-20
0.08059999999999999 3.40444430768e-19
0.0832 1.01296703249e-18
0.0858 2.3148748704e-18
0.08839999999999999 4.69312914651e-18
0.091 8.96976210125e-18
0.09359999999999999 1.66198452163e-17
0.0962 3.00953056091e-17
0.0988 5.30743697909e-17
0.10139999999999999 9.06875295582e-17
0.104 1.49790338714e-16
0.1066 2.39222644854e-16
0.10919999999999999 3.69754868948e-16
0.1118 5.52335361828e-16
0.1144 7.9174435393e-16
0.11699999999999999 1.07229966551e-15
0.1196 1.33070548904e-15
0.12219999999999999 1.40795171745e-15
0.1248 9.64926380985e-16
0.12739999999999999 -6.65900880715e-16
0.13 -4.73510391053e-15
0.1326 -1.34990556602e-14
0.1352 -3.08998262903e-14
0.1378 -6.36356744209e-14
0.1404 -1.22808447439e-13
0.143 -2.2642364329e-13
0.1456 -4.03116830281e-13
0.1482 -6.97633411543e-13
0.1508 -1.17868735605e-12
0.15339999999999998 -1.95005903786e-12
0.156 -3.1658625374e-12
0.1586 -5.05132914663e-12
0.16119999999999998 -7.93016086825e-12
0.1638 -1.2260010715e-11
0.1664 -1.86769627541e-11
0.16899999999999998 -2.80501316618e-11
0.1716 -4.15449757929e-11
0.1742 -6.06953792781e-11
0.17679999999999998 -8.74783162574e-11
0.1794 -5.04389641165e-10
0.182 1.24150967284e-10
0.1846 -4.00913302556e-10
0.18719999999999998 -5.60768542712e-10
0.1898 -5.15591791483e-10
0.1924 -2.61523691591e-10
0.19499999999999998 -4.21255696992e-10
0.1976 -1.25528520911e-09
0.2002 -1.46679179913e-09
0.20279999999999998 -1.77986669847e-09
0.2054 -2.15941176052e-09
0.208 -2.05565653388e-09
0.21059999999999998 -2.71956546172e-09
0.2132 -3.04035885357e-09
0.2158 -3.54089824128e-09
0.21839999999999998 -4.00720168159e-09
0.221 -5.35295896498e-09
0.2236 -5.18198106647e-09
0.22619999999999998 -5.47113643279e-09
0.2288 -5.58112489557e-09
0.2314 -6.27787599683e-09
0.23399999999999999 -5.60233459623e-09
0.23659999999999998 -5.02578245687e-09
0.2392 -4.61880844682e-09
0.2418 -4.24491730655e-09
0.24439999999999998 -3.4504739066e-09
0.247 -1.88349202901e-09
0.2496 -6.49597486913e-10
0.2522 2.06239678113e-10
0.25479999999999997 1.47407930307e-09
0.25739999999999996 3.18730641879e-09
0.26 4.68736516268e-09
0.2626 5.8652709356e-09
0.2652 6.15374062818e-09
0.2678 6.94812385404e-09
0.2704 7.28928739591e-09
0.27299999999999996 6.98207003325e-09
0.2756 6.92336854513e-09
0.2782 6.65991706228e-09
0.2808 6.37309938156e-09
0.2834 5.17280440704e-09
0.286 4.27522905966e-09
0.28859999999999997 3.58651441879e-09
0.2912 2.62408450524e-09
0.2938 1.44328571317e-09
0.2964 1.04184594285e-09
0.299 9.7180333225e-11
0.3016 -4.22618745555e-11
0.30419999999999997 -5.75814951276e-10
0.30679999999999996 -4.66579219704e-10
0.3094 -3.09556824618e-10
0.312 -3.81080500489e-10
0.3146 -2.17697276872e-10
0.3172 -4.31719993088e-10
0.3198 1.13961354242e-10
0.32239999999999996 1.67161492981e-10
0.325 3.04691827324e-10
0.3276 4.33119096144e-10
0.3302 1.16889897761e-09
0.3328 1.1538732192e-09
0.3354 1.15224607633e-09
0.33799999999999997 8.75003847156e-10
0.34059999999999996 1.3998575632e-09
0.3432 1.18526943815e-09
0.3458 4.22200052697e-10
0.3484 3.23360671572e-10
0.351 5.97192739704e-10
0.35359999999999997 -2.10708395176e-11
0.35619999999999996 1.78880049662e-10
0.3588 -5.88005422131e-10
0.3614 -2.22486140622e-10
0.364 -3.57826213104e-10
0.3666 -8.82870887509e-10
0.3692 -5.02059283036e-10
0.37179999999999996 -2.17300996641e-10
0.37439999999999996 -7.95296495326e-10
0.377 -1.01209174375e-09
0.3796 -6.87485846029e-10
0.3822 -4.4861359072e-10
0.3848 -4.76696904173e-10
0.38739999999999997 -4.86278572964e-10
0.38999999999999996 -7.24530435647e-10
0.3926 -5.96058757907e-10
0.3952 -4.30662616679e-10
0.3978 -4.61237714688e-10
0.4004 -7.54271756165e-10
0.40299999999999997 -3.9161496268e-10
0.40559999999999996 -4.38341141162e-10
0.4082 1.17985995973e-10
0.4108 -3.25716564831e-10
0.4134 -3.94561938677e-10
0.416 1.11587614149e-11
0.41859999999999997 2.02845615305e-10
0.42119999999999996 2.04798261683e-10
0.42379999999999995 -7.67996360951e-11
0.4264 -1.67123120898e-11
0.429 9.14138348351e-11
0.4316 8.17149681254e-10
0.4342 3.92459842402e-10
0.43679999999999997 5.25253396333e-10
0.43939999999999996 4.65828264851e-10
0.442 6.91567692002e-10
0.4446 1.64869937147e-10
0.4472 3.52383455748e-10
0.4498 4.8077319903e-10
0.45239999999999997 8.16353842165e-12
0.45499999999999996 2.48210896281e-11
0.4576 -3.40112604746e-10
0.4602 -4.68255212382e-10
0.4628 -3.52151197092e-10
0.4654 -2.24302437735e-10
0.46799999999999997 -7.28488158686e-10
0.47059999999999996 -5.61795276965e-10
0.47319999999999995 -5.48171952275e-10
0.4758 -2.40749864489e-10
0.4784 -6.88638257529e-10
0.481 -9.38434663311e-10
0.4836 -9.63818136412e-10
0.48619999999999997 -4.87906381963e-10
0.48879999999999996 -4.36811475879e-10
0.4914 -6.10445916038e-10
0.494 -3.89733356698e-10
0.4966 -2.1094920255e-10
0.4992 -5.44383704781e-11
0.5018 7.65187635476e-11
0.5044 3.68454600164e-10
0.507 -6.59334808972e-11
0.5095999999999999 3.09623882089e-10
0.5122 9.169723314e-11
0.5147999999999999 3.28348903622e-10
0.5174 4.05597111452e-10
0.52 4.04960065481e-10
0.5226 2.37988739826e-10
0.5252 1.87507093186e-10
0.5277999999999999 8.44038172687e-11
0.5304 5.84488901723e-10
0.533 2.3716051345e-10
0.5356 3.77311959454e-10
0.5382 1.89700172237e-10
0.5408 5.40621547529e-10
0.5434 6.01267646783e-11
0.5459999999999999 2.90798718439e-10
0.5486 2.36393127295e-10
0.5512 -1.0701774189e-10
0.5538 3.34568817095e-10
0.5564 -1.1312682735e-10
0.5589999999999999 -2.61968891024e-10
0.5616 -2.38284947329e-10
0.5641999999999999 2.16361414895e-10
0.5668 -8.85206352663e-10
0.5694 -2.1913230952e-10
0.572 -2.47156739519e-10
0.5746 -4.18374002109e-10
0.5771999999999999 -1.51295517781e-10
0.5798 -9.48716660787e-10
0.5824 -5.93759069689e-11
0.585 -5.9913674022e-10
0.5876 -5.85198112191e-10
0.5902 -2.9455504702e-10
0.5928 -3.75206754555e-10
0.5953999999999999 -1.4217618749e-10
0.598 2.84067658285e-10
0.6006 8.17330092495e-11
0.6032 2.38965514043e-10
0.6058 -2.19059950735e-10
0.6083999999999999 1.4657459968e-10
0.611 -2.18684237385e-10
0.6135999999999999 1.60208082911e-10
0.6162 1.16345225121e-10
0.6188 3.53498896821e-11
0.6214 7.76851249995e-10
0.624 1.68501009586e-13
0.6265999999999999 3.05807157375e-10
0.6292 8.88990547843e-11
0.6317999999999999 2.03669553445e-10
0.6344 1.61356178419e-10
0.637 2.26946184068e-10
0.6396 4.17044399015e-10
0.6422 7.21644521917e-10
0.6447999999999999 1.88843357618e-10
0.6474 2.88370216595e-10
0.65 2.56911852903e-11
0.6526 -8.86888201768e-11
0.6552 5.64940538794e-10
0.6577999999999999 -3.28442162356e-10
0.6604 -5.58685320229e-10
0.6629999999999999 -3.07413400291e-11
0.6656 -3.57922802507e-10
0.6682 -7.14138970181e-10
0.6708 -1.220358814e-10
0.6734 -6.86781742587e-10
0.6759999999999999 1.3454108487e-11
0.6786 -5.69958302776e-10
0.6811999999999999 -3.98584054651e-10
0.6838 -2.3029424201e-10
0.6864 -1.18933557447e-10
0.689 -4.23405532857e-10
0.6916 1.01021524479e-10
0.6941999999999999 3.96198185371e-10
0.6968 7.81308906461e-11
0.6994 3.04763103642e-10
0.702 2.82815326713e-10
0.7046 3.23135962432e-11
0.7071999999999999 4.5016768091e-10
0.7098 9.40758804191e-10
0.7123999999999999 3.75799169561e-10
0.715 7.68344277091e-10
0.7176 4.1173864318e-10
0.7202 1.85537141206e-10
0.7228 5.45816281061e-10
0.7253999999999999 1.51641740831e-10
0.728 -7.56437967819e-11
0.7305999999999999 2.06376304934e-10
0.7332 -4.0994221906e-11
0.7358 -2.08798200951e-10
0.7384 -6.08248118539e-10
0.741 -9.56620560544e-10
0.7435999999999999 -9.58192192257e-10
0.7462 -1.52035561918e-09
0.7487999999999999 -1.27374755188e-09
0.7514 -1.60692747997e-09
0.754 -1.8910919497e-09
0.7565999999999999 -1.88314563943e-09
0.7592 -1.10813602738e-09
0.7617999999999999 -1.11122377966e-09
0.7644 -1.06025299651e-09
0.767 -1.37981359671e-09
0.7696 -9.11602793252e-10
0.7722 -2.89825052846e-10
0.7747999999999999 -2.10308867543e-10
0.7774 4.31604973983e-10
0.7799999999999999 4.00501187769e-10
0.7826 3.82241571728e-10
0.7852 7.52073958665e-10
0.7878 8.21277268415e-10
0.7904 1.24469057283e-09
0.7929999999999999 1.44397227508e-09
0.7956 1.46810830159e-09
0.7981999999999999 1.57060875416e-09
0.8008 1.37249700494e-09
0.8034 1.13491371856e-09
0.8059999999999999 1.88735782558e-09
0.8086 1.61097779561e-09
0.8111999999999999 6.91146695431e-10
0.8138 1.0124185934e-09
0.8164 7.59458718136e-10
0.819 5.60254953541e-10
0.8216 8.37706848333e-11
0.8241999999999999 -5.068061526e-10
0.8268 -3.34253069667e-10
0.8293999999999999 5.41237610285e-11
0.832 -4.58163951222e-10
0.8346 -3.80588671689e-10
0.8371999999999999 1.9746621005e-10
0.8398 -6.82685019626e-10
0.8423999999999999 -9.41649813679e-11
0.845 -3.45156569992e-10
0.8475999999999999 -4.0319325656e-10
0.8502 1.13176246153e-10
0.8528 2.32707547676e-10
0.8553999999999999 1.95504584743e-10
0.858 3.96338295516e-10
0.8605999999999999 -1.58052737564e-11
0.8632 8.75086392238e-11
0.8658 3.8286995796e-10
0.8684 2.46985987218e-10
0.871 4.49913661882e-10
0.8735999999999999 2.44908759939e-10
0.8762 6.77404354832e-10
0.8787999999999999 4.86870765926e-10
0.8814 -2.44190778709e-11
0.884 1.29130831028e-10
0.8865999999999999 8.94615492797e-11
0.8892 5.46894751707e-11
0.8917999999999999 -1.14054030109e-10
0.8944 7.90971732556e-11
0.8969999999999999 1.55048876516e-10
0.8996 -4.47351489186e-10
0.9022 -8.43386332994e-11
0.9047999999999999 -2.07665221824e-12
0.9074 -3.35043326416e-10
0.9099999999999999 -5.25045118493e-10
0.9126 1.50611162431e-10
0.9152 -4.1170777898e-10
0.9178 -2.00097036163e-10
0.9204 -8.37394376063e-10
0.9229999999999999 -5.31964472472e-10
0.9256 -3.75409481279e-10
0.9281999999999999 -6.82012002429e-10
0.9308 -3.80224074448e-10
0.9334 -7.35435712329e-10
0.9359999999999999 -4.50171899757e-10
0.9386 -1.81120077269e-10
0.9411999999999999 -5.56871215807e-10
0.9438 -1.94167501522e-10
0.9463999999999999 -3.14804404766e-10
0.949 -5.84619019861e-10
0.9516 -2.98670865817e-10
0.9541999999999999 -3.46392026174e-10
0.9568 4.9854582268e-12
0.9593999999999999 -3.53757245719e-10
0.962 -1.37053155283e-11
0.9645999999999999 -9.39312655435e-11
0.9672 -1.38291780805e-10
0.9698 -1.96874738734e-11
0.9723999999999999 -7.30735437438e-12
0.975 1.94618196558e-10
0.9775999999999999 -6.56337761917e-11
0.9802 2.39921194023e-10
0.9828 6.09112094097e-10
0.9853999999999999 4.45091963286e-10
0.988 5.94128968245e-10
0.9905999999999999 6.05979044721e-10
0.9932 3.18534087995e-10
0.9957999999999999 7.1422712189e-10
0.9984 2.80931056196e-10
1.001 1.26709018278e-10
1.0036 2.73846501031e-11
1.0062 -2.38013608822e-10
1.0088 -5.0664292206e-11
1.0113999999999999 4.58894866551e-11
1.014 -6.67679106447e-11
1.0166 1.05804087713e-10
1.0191999999999999 2.86950463391e-10
1.0218 2.46145048788e-11
1.0244 -3.56726870265e-10
1.027 -7.03872654606e-11
1.0295999999999998 -3.21637605438e-10
1.0322 -6.82365719484e-10
1.0348 -2.08875930441e-10
1.0373999999999999 -2.55139021021e-10
1.04 4.92848956091e-11
1.0426 -9.75841490947e-11
1.0452 -7.39493355439e-10
1.0477999999999998 -1.28139781772e-11
1.0504 -4.17941098396e-11
1.053 9.02828922733e-11
1.0555999999999999 1.63306854151e-10
1.0582 -3.92817556261e-10
1.0608 -5.47661471728e-10
1.0634 -5.9658833429e-10
1.066 -3.47607054252e-10
1.0686 -6.65769217534e-10
1.0712 -7.22087251104e-11
1.0737999999999999 -2.95115709648e-10
1.0764 -4.97276664291e-10
1.079 -1.2937829974e-10
1.0816 -3.29683613742e-10
1.0842 -8.02052591009e-11
1.0868 -1.05140424145e-10
1.0894 -3.42605943615e-11
1.0919999999999999 -2.65614419348e-10
1.0946 -3.50043466435e-11
1.0972 -2.8702951127e-10
1.0997999999999999 2.37611486043e-10
1.1024 -3.67224251008e-10
1.105 4.959983535e-10
1.1076 2.0178721194e-10
1.1101999999999999 5.64979618645e-10
1.1128 6.28686880333e-10
1.1154 3.15283132934e-10
1.1179999999999999 6.50704601313e-10
1.1206 4.13205025751e-10
1.1232 1.78148301666e-10
1.1258 4.60622873177e-10
1.1283999999999998 -7.71229191621e-11
1.131 5.76106717887e-10
1.1336 -1.1326289906e-10
1.1361999999999999 -8.41756248038e-11
1.1388 -6.77980727115e-11
1.1414 6.52846443572e-10
1.144 8.36361951917e-11
1.1465999999999998 8.52784065586e-10
1.1492 3.24802407192e-10
1.1518 2.09821160446e-10
1.1543999999999999 7.16403825152e-10
1.157 2.80933942776e-10
1.1596 5.94965188228e-10
1.1622 6.85143941581e-10
1.1648 1.74468772762e-10
1.1674 2.94269719703e-10
1.17 1.24042651151e-10
1.1725999999999999 1.49392456739e-10
1.1752 3.61958685247e-10
1.1778 1.52458171088e-10
1.1804 1.14691372718e-11
1.183 3.52770701539e-10
1.1856 3.4342928501e-10
1.1882 1.27885466106e-10
1.1907999999999999 -1.2249321002e-10
1.1934 -1.76059583579e-10
1.196 -5.37074162921e-10
1.1985999999999999 -4.6404702303e-10
1.2012 -7.34205141129e-10
1.2038 -1.18382947889e-09
1.2064 -8.97096841257e-10
1.2089999999999999 -5.80168579845e-10
1.2116 -7.39219574442e-10
1.2142 -8.91117402091e-10
1.2167999999999999 -1.20754028998e-09
1.2194 -1.13467701901e-09
1.222 -1.01096442329e-09
1.2246 -7.15263626105e-10
1.2271999999999998 -1.03677866292e-09
1.2298 -9.23843002099e-10
1.2324 -7.51301465485e-10
1.2349999999999999 -3.36532801626e-10
1.2376 -6.01189098504e-10
1.2402 -2.30746324825e-10
1.2428 -4.04768218942e-10
1.2453999999999998 -4.10746103796e-10
1.248 -1.56986146305e-10
1.2506 -2.34077646155e-10
1.2531999999999999 1.955514084e-10
1.2558 -1.94664562247e-11
1.2584 4.46221282147e-10
1.261 3.02971869814e-10
1.2635999999999998 4.59249971385e-10
1.2662 6.46924291914e-10
1.2688 6.86073420297e-10
1.2713999999999999 4.68233007922e-10
1.274 1.16516485349e-09
1.2766 5.07544895001e-10
1.2792 1.40714306873e-09
1.2818 1.16616583057e-09
1.2844 1.29760646672e-09
1.287 1.40191480646e-09
1.2895999999999999 1.08923958742e-09
1.2922 1.07061159937e-09
1.2948 1.17838050429e-09
1.2973999999999999 9.35777899613e-10
1.3 7.52767403966e-10
1.3026 1.01178776468e-09
1.3052 5.16566567299e-10
1.3077999999999999 4.73382000266e-10
1.3104 3.13278292197e-10
1.313 4.46323644709e-10
1.3155999999999999 3.76168207694e-10
1.3182 1.72423325617e-10
1.3208 1.3801396137e-10
1.3234 8.87116213821e-11
1.3259999999999998 7.20721926584e-10
1.3286 -1.05089020819e-10
1.3312 -9.69544722285e-11
1.3337999999999999 -2.0617865748e-10
1.3364 -6.28258139956e-11
1.339 -2.47404763343e-10
1.3416 -2.94132718182e-10
1.3441999999999998 -5.22764720401e-10
1.3468 -2.54668730548e-10
1.3494 -5.16108933368e-10
1.3519999999999999 -3.37463390565e-10
1.3546 -5.7158877631e-10
1.3572 -5.10652187202e-10
1.3598 -8.22287793412e-10
1.3623999999999998 -4.54335680189e-10
1.365 -7.33825000765e-10
1.3676 -8.09907696464e-10
1.3701999999999999 -7.55933093899e-10
1.3728 -6.98308744163e-10
1.3754 -5.6783444613e-10
1.378 -5.21523269015e-10
1.3805999999999998 -3.06628722413e-10
1.3832 -8.34919466897e-10
1.3858 -6.24083895673e-10
1.3883999999999999 -6.60572707645e-10
1.391 -5.60450130749e-10
1.3936 5.96943328102e-11
1.3961999999999999 -5.0715476263e-10
1.3988 -1.07895448132e-09
1.4014 -7.82829134849e-10
1.404 -3.45144468561e-11
1.4065999999999999 -5.17696330249e-10
1.4092 -4.04709377122e-10
1.4118 1.07716641162e-10
1.4143999999999999 -3.82292197898e-10
1.417 7.21049261965e-12
1.4196 3.18229664842e-10
1.4222 -1.48042980652e-10
1.4247999999999998 3.67402996915e-10
1.4274 -3.4980573993e-10
1.43 4.93321605788e-10
1.4325999999999999 2.69358757521e-10
1.4352 9.34335803171e-11
1.4378 4.593172509e-10
1.4404 2.84241741255e-10
1.4429999999999998 1.10141826215e-10
1.4456 5.24654208967e-11
1.4482 8.78327965914e-11
1.4507999999999999 3.1383295962e-10
1.4534 -4.71695182913e-11
1.456 4.997950942e-10
1.4586 8.66522686938e-11
1.4611999999999998 -1.23137611219e-10
1.4638 2.36350272687e-10
1.4664 2.40216069258e-10
1.4689999999999999 6.57687654337e-11
1.4716 6.01763971986e-10
1.4742 5.95830496053e-10
1.4768 3.26746824042e-11
1.4793999999999998 7.08970215868e-10
1.482 3.67809782631e-10
1.4846 -2.61927368683e-10
1.4871999999999999 9.35944377556e-11
1.4898 3.31336513781e-10
1.4924 -6.81787959422e-11
1.4949999999999999 -9.97166516026e-11
1.4975999999999998 -8.33146884816e-11
1.5002 -4.22033297198e-10
1.5028 -3.77559761233e-10
1.5053999999999998 -2.42289965868e-10
1.508 -1.08871400784e-09
1.5106 -5.04243979904e-10
1.5131999999999999 -3.83505449619e-10
1.5158 -5.64939206527e-10
1.5184 -6.77323530596e-10
1.521 -8.26886781269e-10
1.5235999999999998 -4.53371784559e-10
1.5262 8.40102987176e-11
1.5288 -8.83161599408e-11
1.5313999999999999 3.42740058557e-10
1.534 -6.44107212011e-10
1.5366 1.1394775401e-10
1.5392 5.26956478453e-10
1.5417999999999998 2.24916599234e-10
1.5444 -3.88554327602e-11
1.547 5.30190336079e-10
1.5495999999999999 3.23200799457e-10
1.5522 6.04919447866e-10
1.5548 8.12518718973e-10
1.5574 3.9747449776e-10
1.5599999999999998 7.01023017413e-10
1.5626 5.862410557e-10
1.5652 1.72497766071e-10
1.5677999999999999 6.5282224071e-10
1.5704 8.56118509418e-10
1.573 7.82251818876e-10
1.5756 3.99125399397e-10
1.5781999999999998 3.3852010084e-10
1.5808 3.18819415313e-10
1.5834 4.78087347489e-10
1.5859999999999999 8.40933322976e-10
1.5886 7.5472383898e-10
1.5912 -1.44730727403e-10
1.5937999999999999 -6.81179505163e-12
1.5963999999999998 -2.2455778903e-10
1.599 -3.6751224286e-10
1.6016 -5.79838399517e-10
1.6041999999999998 -1.01389185936e-09
1.6068 -9.42151689998e-10
1.6094 -8.9577145701e-10
1.6119999999999999 -9.73399361115e-10
1.6146 -8.66952953871e-10
1.6172 -1.06744479922e-09
1.6198 -7.45179473682e-10
1.6223999999999998 -3.24405169394e-10
1.625 -1.01722918977e-09
1.6276 -6.51937170915e-10
1.6301999999999999 -6.88992196629e-10
1.6328 -3.6847902507e-10
1.6354 -3.19891446665e-10
1.638 -6.65454497062e-11
1.6405999999999998 -1.24304913585e-10
1.6432 -3.08223002676e-10
1.6458 -2.99839930662e-10
1.6483999999999999 -2.06044209472e-11
1.651 -3.1010372048e-10
1.6536 2.32060565208e-10
1.6562 6.80336620373e-11
1.6587999999999998 -4.57205384663e-11
1.6614 -7.66975788435e-11
1.664 -6.88413548389e-10
1.6665999999999999 -2.09225387016e-10
1.6692 -3.0057178968e-11
1.6718 -6.43429892699e-11
1.6743999999999999 -1.82476339594e-10
1.6769999999999998 -2.21719434479e-10
1.6796 -4.91169771522e-10
1.6822 -1.62113655833e-10
1.6847999999999999 4.66310767777e-10
1.6874 -6.36035113466e-11
1.69 -5.47432377207e-11
1.6925999999999999 3.64699825894e-10
1.6951999999999998 1.40609246468e-10
1.6978 6.05197225667e-10
1.7004 3.37461614208e-10
1.7029999999999998 3.59134499917e-10
1.7056 3.20210302718e-10
1.7082 -1.5232051731e-11
1.7107999999999999 -2.686229017e-10
1.7133999999999998 6.3627303426e-10
1.716 1.21395893338e-10
1.7186 7.74042385743e-10
1.7211999999999998 5.33221244936e-10
1.7238 7.68135333118e-10
1.7264 4.90054663516e-10
1.7289999999999999 3.86211951309e-10
1.7316 2.88083334965e-10
1.7342 1.14799586504e-10
1.7368 4.46176429136e-10
1.7393999999999998 1.13682868674e-10
1.742 9.57010443114e-11
1.7446 2.25063370718e-10
1.7471999999999999 -7.46700479226e-11
1.7498 -7.54788231916e-10
1.7524 -2.51880960533e-10
1.755 -4.69871919151e-10
1.7575999999999998 -2.82779577532e-10
1.7602 -3.45858897077e-10
1.7628 -3.90569798725e-10
1.7653999999999999 -4.30584679023e-10
1.768 -1.867735272e-10
1.7706 -7.64305702061e-11
1.7731999999999999 4.43377973225e-11
1.7757999999999998 7.85722042984e-11
1.7784 9.48892769914e-11
1.781 -1.12053505363e-10
1.7835999999999999 -4.89636386991e-11
1.7862 1.52824919386e-10
1.7888 1.03405811691e-10
1.7913999999999999 6.1751248559e-10
1.7939999999999998 5.69438940445e-10
1.7966 4.48959758259e-10
1.7992 7.8537421011e-10
1.8017999999999998 5.71632519097e-10
1.8044 5.46377387778e-10
1.807 2.98898905626e-10
1.8095999999999999 2.54686965961e-11
1.8121999999999998 1.87821855291e-10
1.8148 -8.31078400543e-11
1.8174 2.8518609696e-10
1.8199999999999998 2.57510235357e-10
1.8226 1.83107043417e-10
1.8252 2.96493718466e-10
1.8277999999999999 9.91663556826e-11
1.8304 -5.60748114609e-10
1.833 -6.6608629723e-10
1.8356 1.67854896649e-11
1.8381999999999998 -5.05248065608e-10
1.8408 -3.49522855103e-10
1.8434 -7.36723126948e-10
1.8459999999999999 -9.93450210984e-10
1.8486 -8.54423198859e-10
1.8512 -8.09869060703e-10
1.8538 -4.16116696655e-10
1.8563999999999998 -1.0155343233e-09
1.859 -3.35952821118e-10
1.8616 -1.8354659459e-10
1.8641999999999999 -9.26034360305e-10
1.8668 -2.80149237142e-10
1.8694 -2.24239821156e-10
1.8719999999999999 3.24570648136e-11
1.8745999999999998 -3.82797793463e-10
1.8772 -2.35323316389e-10
1.8798 1.12976905609e-10
1.8823999999999999 1.803481392e-10
1.885 -5.07271724626e-11
1.8876 -1.84391377167e-10
1.8901999999999999 2.0121038169e-10
1.8927999999999998 5.16397813399e-10
1.8954 5.33025401595e-10
1.898 4.26618296245e-10
1.9005999999999998 1.64710522998e-10
1.9032 1.78620590541e-11
1.9058 -6.10222844477e-11
1.9083999999999999 6.52552900604e-10
1.9109999999999998 1.40550793226e-10
1.9136 1.90057136695e-11
1.9162 2.23367518926e-10
1.9187999999999998 3.40909522833e-10
1.9214 1.77317854844e-10
1.924 1.2010495376e-10
1.9265999999999999 2.04445377294e-10
1.9291999999999998 1.17887852258e-10
1.9318 2.03365296825e-10
1.9344 -3.76038977734e-10
1.9369999999999998 2.46534126447e-10
1.9396 1.05362690794e-10
1.9422 2.80238054984e-10
1.9447999999999999 1.15479709129e-10
1.9474 -2.07445144396e-10
1.95 4.19571266619e-10
1.9526 2.46267672921e-10
1.9551999999999998 8.77935918409e-11
1.9578 -1.19696835776e-10
1.9604 3.82557763245e-10
1.9629999999999999 1.28268118349e-10
1.9656 4.39806857599e-10
1.9682 2.89075874349e-10
1.9707999999999999 -5.68047692218e-11
1.9733999999999998 -3.78560738312e-10
1.976 4.03700184393e-10
1.9786 2.39547048864e-10
1.9811999999999999 -2.38428166099e-10
1.9838 3.97813781916e-10
1.9864 2.35966107764e-11
1.9889999999999999 -1.27869992372e-10
1.9915999999999998 -1.80958678597e-10
1.9942 5.54970736033e-10
1.9968 3.1256242039e-10
1.9993999999999998 -9.8866401177e-11
2.002 -2.8522806339e-10
2.0046 -8.7075208155e-11
2.0072 -3.91829624302e-11
2.0098 -1.78128442552e-10
2.0124 1.79581807758e-10
2.015 2.26892615807e-10
2.0176 1.65736993574e-10
2.0202 2.87463830517e-10
2.0227999999999997 -4.57040516544e-11
2.0254 4.65077421019e-11
2.028 1.42197531527e-10
2.0305999999999997 2.71813904718e-10
2.0332 4.83247886152e-10
2.0358 8.85591600053e-10
2.0383999999999998 4.28157953536e-10
2.041 3.09376746443e-10
2.0436 5.24619014897e-10
2.0462 4.76228612101e-10
2.0488 4.40498748588e-10
2.0514 6.91228407845e-10
2.054 1.22053672724e-10
2.0566 2.62620369895e-10
2.0591999999999997 1.41023415168e-10
2.0618 2.70315769768e-10
2.0644 6.08217254339e-10
2.0669999999999997 -1.61759494688e-11
2.0696 -5.68220581698e-10
2.0722 -1.81272427624e-10
2.0747999999999998 -4.27258228797e-10
2.0774 -4.40343317365e-10
2.08 -8.05855604469e-10
2.0826 -2.7550228765e-10
2.0852 -1.1347680573e-09
2.0878 -4.13252987386e-10
2.0904 -9.42222744271e-10
2.093 -1.18302700969e-09
2.0955999999999997 -7.2719852362e-10
2.0982 -2.62827759556e-10
2.1008 -8.54618598112e-10
2.1033999999999997 -3.87197163221e-10
2.106 -4.40198544283e-10
2.1086 -3.01163538552e-10
2.1111999999999997 -2.27467183977e-10
2.1138 1.02563332827e-10
2.1164 2.67702526813e-10
2.1189999999999998 2.40291120335e-10
2.1216 2.88012946825e-10
2.1242 3.23901350185e-10
2.1268 2.14723100411e-10
2.1294 5.34092103877e-10
2.132 -2.80373724237e-10
2.1346 2.73300271303e-10
2.1372 1.13593801032e-10
2.1397999999999997 4.31455093874e-10
2.1424 1.42593506447e-10
2.145 7.73420494316e-11
2.1475999999999997 -5.42410821119e-12
2.1502 -2.36855396407e-11
2.1528 -1.42098138811e-10
2.1553999999999998 -5.77110720323e-11
2.158 -1.44098899479e-10
2.1606 -9.03528502016e-11
2.1632 -3.70252717374e-10
2.1658 -1.46065368134e-10
2.1684 1.3311418634e-10
2.171 -3.55010909558e-10
2.1736 -2.46632714251e-10
2.1761999999999997 -3.88387988437e-10
2.1788 -1.09540321258e-10
2.1814 -4.61757743153e-10
2.1839999999999997 -1.67755503933e-10
2.1866 -2.96117644294e-12
2.1892 4.52542892049e-10
2.1917999999999997 4.90444573842e-10
2.1944 5.10621989136e-10
2.197 1.60069291155e-10
2.1995999999999998 2.67017519207e-10
2.2022 5.65295033006e-11
2.2048 1.21229831729e-10
2.2074 1.69038491538e-10
2.21 4.41188641176e-10
2.2125999999999997 4.16725320918e-10
2.2152 4.17625045657e-10
2.2178 1.97656682688e-10
2.2203999999999997 1.80753953472e-10
2.223 -1.41915798557e-10
2.2256 4.85071760536e-10
2.2281999999999997 5.28490862184e-11
2.2308 -2.34199104554e-10
2.2334 -1.82145507011e-10
2.2359999999999998 -4.62443860982e-10
2.2386 -3.46322304168e-10
2.2412 -4.86011897394e-10
2.2438 -5.94823301725e-10
2.2464 -1.4029073736e-10
2.249 -1.86002088731e-10
2.2516 -4.3354808632e-10
2.2542 -5.69331470857e-10
2.2567999999999997 -3.6772296319e-10
2.2594 4.76377791381e-12
2.262 2.66763347523e-12
2.2645999999999997 -3.38403083333e-10
2.2672 5.09563058415e-10
2.2698 2.76280998079e-10
2.2723999999999998 4.24648538555e-10
2.275 3.48867601474e-10
2.2776 1.92688684453e-10
2.2802 1.25909588311e-10
2.2828 2.75096168068e-10
2.2854 1.72940342602e-10
2.288 1.50002552046e-10
2.2906 4.14347223199e-10
2.2931999999999997 2.4347768246e-10
2.2958 1.98105976068e-11
2.2984 1.77632533682e-10
2.3009999999999997 6.11129202799e-11
2.3036 3.59112739545e-10
2.3062 3.57746610113e-11
2.3087999999999997 3.44510253658e-11
2.3114 -3.58122143052e-11
2.314 -5.28879384731e-10
2.3165999999999998 -1.13098710952e-10
2.3192 -8.37364622086e-10
2.3218 -6.53159526465e-10
2.3244 -4.05574906992e-10
2.327 -7.02953473208e-10
2.3296 -4.27302859762e-10
2.3322 -6.10503647636e-10
2.3348 -6.80526079933e-10
2.3373999999999997 -3.57915919125e-11
2.34 2.58718158008e-10
2.3426 8.38263208847e-11
2.3451999999999997 5.93397275761e-11
2.3478 1.93283403171e-10
2.3504 3.8054581708e-10
2.3529999999999998 6.43209485673e-10
2.3556 2.87370571783e-10
2.3582 9.76585756707e-11
2.3608 1.19918697195e-09
2.3634 7.25920656919e-10
2.366 7.20927539888e-10
2.3686 6.04269523308e-10
2.3712 6.88508805524e-10
2.3737999999999997 6.77794487203e-10
2.3764 1.45242942673e-10
2.379 2.22506443825e-10
2.3815999999999997 3.34634986388e-10
2.3842 4.93920238043e-10
2.3868 -2.99165414663e-11
2.3893999999999997 -1.83603132697e-10
2.392 -6.5484576095e-11
2.3946 3.51713103086e-11
2.3971999999999998 -4.14698497764e-10
2.3998 -2.7531421587e-10
2.4024 -3.35170780019e-10
2.405 -4.48510339979e-10
2.4076 -8.61152926745e-10
2.4101999999999997 -1.48172585313e-10
2.4128 -4.97679453204e-10
2.4154 -8.35439051272e-10
2.4179999999999997 -4.19641432714e-10
2.4206 -7.55910611883e-11
2.4232 -1.80428075258e-10
2.4257999999999997 -3.15087289593e-10
2.4284 3.63829855132e-10
2.431 -8.6415336692e-12
2.4335999999999998 -2.40110376026e-10
2.4362 -6.41937059065e-11
2.4388 1.6283284443e-10
2.4414 1.68732389172e-11
2.444 3.70752095691e-10
2.4466 1.87655960215e-10
2.4492 6.6493338613e-11
2.4518 1.96837407485e-11
2.4543999999999997 1.11905235078e-10
2.457 2.87635026908e-10
2.4596 9.67292634879e-11
2.4621999999999997 1.61447966107e-10
2.4648 6.57122828374e-11
2.4674 -1.64698713001e-10
2.4699999999999998 -7.34202143526e-11
2.4726 -5.11432007855e-10
2.4752 -8.0473988584e-11
2.4778 -1.73366043743e-10
2.4804 4.3106586009e-12
2.483 2.77505241009e-11
2.4856 -1.56758342418e-10
2.4882 6.62814247931e-11
2.4907999999999997 3.07088354745e-10
2.4934 -1.88424637004e-10
2.496 7.23174159445e-11
2.4985999999999997 -2.19863678045e-13
2.5012 -3.0972135967e-10
2.5038 -3.11184855661e-10
2.5063999999999997 -2.17694223759e-10
2.509 -3.26401128348e-10
2.5116 4.12515577253e-10
2.5141999999999998 1.67309402443e-10
2.5168 3.330231646e-10
2.5194 1.94843502443e-10
2.522 -4.88730167447e-11
2.5246 -2.46561215889e-10
2.5271999999999997 2.8529581475e-11
2.5298 1.62542979076e-10
2.5324 -3.48717860144e-11
2.5349999999999997 -2.55256038528e-10
2.5376 1.58322355226e-10
2.5402 2.97400992721e-11
2.5427999999999997 -7.79624698133e-11
2.5454 1.19388318676e-10
2.548 2.09427544751e-10
2.5505999999999998 3.03257280398e-11
2.5532 4.15796508335e-10
2.5558 -5.50945511435e-10
2.5584 -2.17677362246e-10
2.561 -8.3384577021e-11
2.5636 -2.38987496459e-10
2.5662 -8.97428659163e-11
2.5688 -4.62875515694e-10
2.5713999999999997 -5.18672188532e-11
2.574 1.61530122611e-10
2.5766 1.0767349512e-10
2.5791999999999997 -1.18615062217e-10
2.5818 -1.32130681396e-10
2.5844 9.46590167361e-11
2.5869999999999997 -1.77988429551e-10
2.5896 1.07649361647e-10
2.5922 2.74898770414e-10
2.5947999999999998 5.09034203677e-11
2.5974 -9.40120620241e-11
2.6 -8.40004454883e-11
2.6026 -2.32875385642e-11
2.6052 -2.07101436694e-12
2.6077999999999997 2.9500735188e-10
2.6104 3.78446607385e-10
2.613 1.63511412743e-10
2.6155999999999997 1.72216504946e-10
2.6182 -5.19934095777e-11
2.6208 -1.08763997808e-10
2.6233999999999997 4.45085968082e-10
2.626 -2.87947443667e-10
2.6286 -8.64651267252e-11
2.6311999999999998 3.91437854352e-11
2.6338 -3.40213412997e-10
2.6364 2.58508325857e-10
2.639 -1.75462561147e-11
2.6416 -2.11239026271e-10
2.6441999999999997 -6.94848623084e-11
2.6468 -1.35117667055e-10
2.6494 -2.19616130837e-10
2.6519999999999997 -2.22468501954e-10
2.6546 3.90997456634e-10
2.6572 1.02722635953e-10
2.6597999999999997 8.87506873548e-11
2.6624 1.74027112165e-10
2.665 2.73187916733e-10
2.6675999999999997 -2.61578952943e-11
2.6702 1.10625425487e-10
2.6728 -1.32903021921e-10
2.6754 4.91178486772e-11
2.678 -2.412268163e-10
2.6806 4.96460206278e-10
2.6832 2.11516512638e-10
2.6858 3.96320531948e-10
2.6883999999999997 -8.06317651536e-11
2.691 2.01987149229e-10
2.6936 -2.02863892351e-10
2.6961999999999997 1.00819755322e-10
2.6988 3.53397533459e-10
2.7014 1.35129407663e-10
2.7039999999999997 5.99926358591e-11
2.7066 -3.94330790243e-10
2.7092 -2.463920179e-10
2.7117999999999998 -1.11312112305e-10
2.7144 -2.01268654521e-10
2.717 2.94135382717e-10
2.7196 -6.95950408414e-10
2.7222 3.34410499292e-10
2.7247999999999997 5.20788551173e-11
2.7274 2.48963294425e-10
2.73 -8.59366189321e-11
2.7325999999999997 -3.15302450815e-10
2.7352 3.11742631709e-10
2.7378 -2.56470622517e-10
2.7403999999999997 -1.66550800929e-10
2.743 -2.70993005813e-10
2.7456 1.60321159126e-10
2.7481999999999998 -4.03014510653e-10
2.7508 -2.74962691504e-11
2.7534 1.14628306846e-10
2.756 -4.89961626826e-10
2.7586 -9.17215636775e-10
2.7611999999999997 -2.82028705945e-11
2.7638 -7.90492810099e-11
2.7664 -1.95989585672e-10
2.7689999999999997 -1.75464726082e-10
2.7716 -1.19903670326e-10
2.7742 3.88613363711e-10
2.7767999999999997 -1.6732491781e-10
2.7794 5.33658395252e-11
2.782 -1.67939981366e-10
2.7845999999999997 -4.78698414241e-10
2.7872 7.92680782125e-11
2.7898 -2.30873334339e-10
2.7923999999999998 2.61571431182e-10
2.795 2.5351543087e-10
2.7976 1.99530114653e-11
2.8002 5.10673864307e-11
2.8028 -2.17286036386e-10
2.8053999999999997 2.47999620839e-10
2.808 -2.80596212932e-10
2.8106 -1.1626768992e-10
2.8131999999999997 -5.39682708245e-12
2.8158 1.55304213934e-10
2.8184 -2.67183063868e-12
2.8209999999999997 -1.17405377087e-10
2.8236 -3.73313158164e-10
2.8262 1.86722262652e-10
2.8287999999999998 4.67590688391e-11
2.8314 -9.6610358602e-11
2.834 -1.93880161925e-10
2.8366 -6.69741900827e-11
2.8392 2.21560603197e-10
2.8417999999999997 -9.84397008352e-11
2.8444 -1.02479982833e-10
2.847 -1.18691237394e-10
2.8495999999999997 -2.39225972365e-10
2.8522 -2.03467381832e-10
2.8548 -3.94385857305e-10
2.8573999999999997 2.72746047969e-10
2.86 -2.09584516409e-10
2.8626 3.95032007106e-10
2.8651999999999997 2.63891797303e-10
2.8678 1.89300283782e-10
2.8704 1.04114120103e-10
2.8729999999999998 -3.52301243733e-11
2.8756 3.73210073956e-11
2.8781999999999996 2.85905743524e-10
2.8808 2.23686902334e-10
2.8834 -1.07458084098e-10
2.8859999999999997 -1.5489044769e-10
2.8886 7.96940291536e-11
2.8912 -1.2848153097e-10
2.8937999999999997 1.54273469e-10
2.8964 2.4639446039e-10
2.899 -3.24568594223e-10
2.9015999999999997 -6.21261098122e-11
2.9042 -5.46821254943e-10
2.9068 -1.70204891847e-10
2.9093999999999998 -3.6097858036e-10
2.912 -1.80054138266e-10
2.9146 -6.89903412177e-11
2.9172 -3.09072101246e-10
2.9198 -3.16261461464e-10
2.9223999999999997 -2.833961954e-10
2.925 -3.63951535576e-10
2.9276 -3.91353172091e-10
2.9301999999999997 1.64585706175e-10
2.9328 3.13032100241e-11
2.9354 -1.56175128385e-10
2.9379999999999997 5.73816827387e-11
2.9406 -9.66091928678e-11
2.9432 1.32144448162e-10
2.9457999999999998 4.03133526561e-10
2.9484 2.59400279035e-10
2.951 3.78264974898e-10
2.9536 -4.11310568937e-11
2.9562 2.46485054589e-10
2.9587999999999997 -2.53756571311e-10
2.9614 -3.12847969752e-10
2.964 3.84762696964e-13
2.9665999999999997 3.38835182134e-10
2.9692 2.20347531887e-10
2.9718 -1.48081130691e-10
2.9743999999999997 1.47065887246e-10
2.977 1.43996717328e-10
2.9796 -6.39807928859e-11
2.9821999999999997 -4.96485297319e-10
2.9848 -1.91272275796e-11
2.9874 5.36222399816e-10
2.9899999999999998 1.25967972164e-10
2.9926 1.1247634768e-10
2.9951999999999996 -1.20988722513e-13
2.9978 -2.77152967243e-10
3.0004 2.65423016899e-10
3.0029999999999997 7.96493287991e-11
3.0056 5.21204607251e-11
3.0082 -3.17952997264e-10
3.0107999999999997 1.78590101041e-10
3.0134 2.5392865588e-10
3.016 1.65945007735e-10
3.0185999999999997 -2.94030494397e-11
3.0212 3.23543636327e-10
3.0238 -1.33694808696e-11
3.0263999999999998 -1.51429743744e-10
3.029 7.59073776058e-11
3.0316 3.25688809255e-10
3.0342 1.77679621016e-10
3.0368 2.12955389434e-10
3.0393999999999997 -2.98134017473e-11
3.042 -3.53992390956e-10
3.0446 8.69512239987e-11
3.0471999999999997 6.70165312133e-11
3.0498 2.63242316834e-10
3.0524 3.20603987802e-10
3.0549999999999997 -4.15099898898e-11
3.0576 -9.48700562553e-11
3.0602 5.16559572894e-11
3.0627999999999997 -1.35003078161e-10
3.0654 8.04913254104e-12
3.068 6.44457681664e-11
3.0705999999999998 -3.19745618871e-11
3.0732 -6.8765729222e-11
3.0757999999999996 -3.48104434167e-10
3.0784 -2.04211231258e-11
3.081 2.45000020271e-10
3.0835999999999997 -4.40717878858e-11
3.0862 -2.74567923952e-10
3.0888 2.04035677243e-11
3.0913999999999997 -5.55253898415e-11
3.094 -6.12729200711e-10
3.0966 -2.78452372271e-10
3.0991999999999997 -1.48991111115e-10
3.1018 1.130693629e-11
3.1044 -5.08941083721e-11
3.1069999999999998 2.03998623549e-11
3.1096 -1.46298251291e-11
3.1122 -2.79061662667e-10
3.1148 9.89666543161e-11
3.1174 4.15355749794e-10
3.1199999999999997 -3.3700553459e-10
3.1226 -9.21663301234e-11
3.1252 -8.95826746117e-11
3.1277999999999997 -1.09202688559e-10
3.1304 4.71935379665e-10
3.133 3.18221671236e-10
3.1355999999999997 -2.16773404782e-10
3.1382 -1.49491238832e-10
3.1408 -2.86589196818e-10
3.1433999999999997 -8.00080141028e-11
3.146 -1.76294839838e-10
3.1486 1.70341282746e-10
3.1512 2.52223575359e-10
3.1538 -1.49033618779e-10
3.1563999999999997 8.40542357938e-11
3.159 -2.37566410988e-10
3.1616 4.56919169167e-10
3.1641999999999997 -1.47793083327e-10
3.1668 2.24511922942e-10
3.1694 3.699038853e-10
3.1719999999999997 -7.78404285473e-11
3.1746 -1.51274409665e-11
3.1772 -5.97719651552e-10
3.1797999999999997 5.71762498458e-11
3.1824 -4.16204987141e-11
3.185 4.33991509396e-10
3.1875999999999998 4.39095870775e-10
3.1902 6.69355015859e-10
3.1927999999999996 -4.73056593897e-11
3.1954 -2.01461264338e-10
3.198 3.4521918657e-10
3.2005999999999997 -7.23717474838e-11
3.2032 -2.00863353728e-11
3.2058 2.93996604839e-10
3.2083999999999997 -2.17198314889e-10
3.211 8.21050311073e-11
3.2136 -3.18270299005e-10
3.2161999999999997 -3.2720359755e-10
3.2188 -6.16223738703e-10
3.2214 -1.81108773811e-12
3.2239999999999998 -4.54488446877e-10
3.2266 4.77401312926e-11
3.2292 -6.32907753984e-11
3.2318 -1.92896545959e-10
3.2344 3.3733149607e-10
3.2369999999999997 -2.70522271251e-10
3.2396 3.19204440657e-10
3.2422 2.62715404986e-10
3.2447999999999997 -2.62337707113e-10
3.2474 -8.66232224839e-11
3.25 4.7770742917e-10
3.2525999999999997 3.94428305121e-13
3.2552 -2.92643687061e-10
3.2578 1.43362349769e-10
3.2603999999999997 -7.85676246284e-11
3.263 1.26023816382e-10
3.2656 3.748694688e-10
3.2681999999999998 -2.69276156928e-10
3.2708 2.20637702553e-10
3.2733999999999996 2.30832256087e-10
3.276 7.56470580621e-11
3.2786 -2.28817104153e-10
3.2811999999999997 1.62608204679e-10
3.2838 3.18113313469e-10
3.2864 3.52136542148e-10
3.2889999999999997 -2.50949483416e-10
3.2916 -1.69325373167e-10
3.2942 3.51573353763e-11
3.2967999999999997 7.24463024293e-12
3.2994 -1.49902049107e-10
3.302 -8.24032647673e-11
3.3045999999999998 -1.2278014716e-10
3.3072 -4.23935109239e-10
3.3097999999999996 -5.47209361157e-11
3.3124 -6.7827365946e-10
3.315 -1.27412691509e-10
3.3175999999999997 -1.80348930234e-11
3.3202 1.94670390918e-10
3.3228 1.44493347842e-10
3.3253999999999997 -1.04453543037e-10
3.328 7.43652210124e-13
3.3306 -7.20968701406e-11
3.3331999999999997 -4.44309693204e-12
3.3358 1.21355828164e-10
3.3384 -4.17718221124e-11
3.3409999999999997 2.91471513592e-10
3.3436 -1.88182872063e-10
3.3462 1.47739764866e-10
3.3487999999999998 5.93693844086e-11
3.3514 -9.20856446651e-11
3.3539999999999996 -1.71140462912e-11
3.3566 2.51215298563e-11
3.3592 -3.87525789236e-10
3.3617999999999997 -1.31706812123e-10
3.3644 9.45514777584e-11
3.367 -1.18813056615e-10
3.3695999999999997 -2.16905923778e-10
3.3722 -4.78638684243e-10
3.3748 -3.61106033964e-10
3.3773999999999997 2.37097494415e-12
3.38 -7.56835427662e-11
3.3826 -5.49669060268e-11
3.3851999999999998 3.77029074627e-10
3.3878 2.8254176776e-10
3.3903999999999996 2.05692810007e-10
3.393 1.66123184653e-10
3.3956 -4.45380843317e-10
3.3981999999999997 -9.91377674397e-11
3.4008 -3.46335404799e-10
3.4034 1.77079031993e-10
3.4059999999999997 -4.01501609737e-11
3.4086 -2.83146173174e-10
3.4112 -2.15277656812e-10
3.4137999999999997 -1.60451193998e-10
3.4164 2.53601362132e-10
3.419 1.63558569466e-10
3.4215999999999998 -2.70044209216e-10
3.4242 6.41168784732e-11
3.4267999999999996 -2.92150192926e-11
3.4294 -5.58924462268e-10
3.432 -1.7357615345e-11
3.4345999999999997 8.42452219096e-11
3.4372 1.96387725526e-10
3.4398 2.64751554013e-11
3.4423999999999997 -4.40167902127e-10
3.445 1.55970375504e-11
3.4476 1.62442323481e-10
3.4501999999999997 4.45378595115e-11
3.4528 -1.05341416146e-10
3.4554 4.36364944179e-10
3.4579999999999997 5.94505417117e-11
3.4606 1.52268475606e-10
3.4632 -7.98498073218e-11
3.4657999999999998 2.75084843793e-10
3.4684 1.93397672876e-10
3.4709999999999996 1.70764444252e-10
3.4736 1.41058458317e-11
3.4762 3.41957157035e-11
3.4787999999999997 1.74575853773e-10
3.4814 -8.13756353968e-12
3.484 -1.04190239769e-10
3.4865999999999997 1.1477119255e-10
3.4892 1.10331008218e-10
3.4918 6.89755336181e-11
3.4943999999999997 1.57741472662e-10
3.497 -5.006102477e-11
3.4996 3.03942648827e-10
3.5021999999999998 -3.27818328039e-11
3.5048 5.31410471183e-10
3.5073999999999996 2.59577248585e-10
3.51 -1.35963823533e-10
3.5126 -2.3503887725e-10
3.5151999999999997 3.18201465177e-10
3.5178 -2.13839862484e-10
3.5204 -1.79986456295e-10
3.5229999999999997 1.38052472232e-10
3.5256 1.79262993338e-10
3.5282 -2.70156341742e-10
3.5307999999999997 3.3051408832e-11
3.5334 -2.27817070764e-10
3.536 -4.67099248169e-10
3.5385999999999997 -3.51254358932e-10
3.5412 -1.03726208178e-10
3.5437999999999996 3.56095375409e-10
3.5463999999999998 -6.71930566742e-11
3.549 1.32366770322e-10
3.5515999999999996 1.59983887249e-10
3.5542 -5.96560995048e-11
3.5568 -4.01040534115e-10
3.5593999999999997 4.12567313646e-10
3.562 3.27439139171e-13
3.5646 1.90041177239e-11
3.5671999999999997 -2.78495282391e-11
3.5698 3.10819425753e-11
3.5724 -7.2381789451e-10
3.5749999999999997 1.62951235838e-10
3.5776 -1.00732810981e-10
3.5802 3.43054251672e-10
3.5827999999999998 -4.72239608529e-11
3.5854 2.13692050166e-10
3.5879999999999996 2.44490205858e-10
3.5906 3.6538314041e-11
3.5932 1.92386967468e-10
3.5957999999999997 5.83082748751e-11
3.5984 -2.4630475437e-10
3.601 -2.05104266904e-11
3.6035999999999997 8.2158807535e-11
3.6062 6.55979021102e-11
3.6088 3.57333940215e-10
3.6113999999999997 -6.32514041143e-11
3.614 -1.89124868544e-10
3.6166 -1.8822141068e-10
3.6191999999999998 -4.41603142942e-11
3.6218 7.02385927198e-11
3.6243999999999996 -3.57588625377e-10
3.627 -2.16116152751e-11
3.6296 -1.2695661189e-10
3.6321999999999997 1.4374100521e-10
3.6348 4.11254363897e-10
3.6374 -2.24234492086e-10
3.6399999999999997 -1.38354314116e-10
3.6426 8.2704065818e-11
3.6452 -1.70043465419e-10
3.6477999999999997 2.74772871123e-10
3.6504 1.72915903818e-10
3.653 -3.70180552878e-11
3.6555999999999997 -7.02147923137e-11
3.6582 3.41813688465e-10
3.6608 1.30930530307e-10
3.6633999999999998 -3.69087399532e-11
3.666 -2.21389004351e-10
3.6685999999999996 -1.33086611176e-10
3.6712 6.74996059047e-10
3.6738 8.98257024318e-11
3.6763999999999997 4.79915662766e-10
3.679 3.98230337595e-10
3.6816 -9.87068482505e-11
3.6841999999999997 -1.36736913459e-10
3.6868 1.45881876024e-10
3.6894 7.33233057604e-11
3.6919999999999997 1.88667095835e-10
3.6946 -4.62734295326e-11
3.6972 -4.72990396849e-11
3.6997999999999998 -4.2054293381e-10
3.7024 8.05968625173e-11
3.7049999999999996 -8.00166599646e-11
3.7076 3.10905745593e-10
3.7102 5.35243099842e-11
3.7127999999999997 1.38797792704e-10
3.7154 -1.73946371196e-10
3.718 -4.83835638221e-10
3.7205999999999997 3.00849123391e-10
3.7232 7.31922994435e-11
3.7258 -4.53743709272e-10
3.7283999999999997 -3.36368571885e-11
3.731 2.16127338248e-10
3.7336 3.60990348724e-10
3.7361999999999997 1.71316877351e-10
3.7388 6.7005304083e-11
3.7413999999999996 -9.35625327214e-11
3.7439999999999998 2.14794071418e-10
3.7466 -2.05311281865e-10
3.7491999999999996 3.23988613715e-10
3.7518 -2.42953213103e-10
3.7544 3.52362361511e-10
3.7569999999999997 -7.6509909519e-11
3.7596 1.41669884157e-10
3.7622 -1.03818495467e-10
3.7647999999999997 -2.34822827849e-10
3.7674 1.50423992706e-10
3.77 4.14249301528e-10
3.7725999999999997 -4.82691886461e-10
3.7752 3.87647691724e-10
3.7778 4.56109816582e-10
3.7803999999999998 -5.53522158664e-12
3.783 -2.13935910653e-10
3.7855999999999996 2.25988242009e-10
3.7882 -1.44964151794e-10
3.7908 8.39582292578e-11
3.7933999999999997 3.1735994041e-12
3.796 -3.2188890442e-11
3.7986 -5.85989867741e-11
3.8011999999999997 2.47129205988e-10
3.8038 -8.77213024442e-11
3.8064 -3.53172824319e-10
3.8089999999999997 1.85761267479e-11
3.8116 1.13823728221e-10
3.8142 -4.87779400205e-11
3.8167999999999997 1.72352451755e-10
3.8194 9.63696657197e-12
3.8219999999999996 2.86580981168e-10
3.8245999999999998 -2.49093107252e-11
3.8272 3.36849853566e-11
3.8297999999999996 -2.26268837e-10
3.8324 1.66824453557e-12
3.835 -1.63420832422e-10
3.8375999999999997 -3.52550211247e-10
3.8402 2.36821673383e-10
3.8428 -9.32654786734e-11
3.8453999999999997 -2.51222792569e-11
3.848 2.40723135869e-11
3.8506 -2.64934296723e-10
3.8531999999999997 -2.94619217911e-10
3.8558 -1.65335703461e-10
3.8583999999999996 -2.57929011482e-10
3.8609999999999998 -5.5782850561e-11
3.8636 -1.19320747727e-10
3.8661999999999996 7.93751592232e-11
3.8688 2.26437382733e-10
3.8714 2.69582800527e-10
3.8739999999999997 6.3613803114e-10
3.8766 1.18328014054e-10
3.8792 1.69565028685e-10
3.8817999999999997 -7.06013164598e-11
3.8844 -2.78931544528e-10
3.887 1.1804504596e-10
3.8895999999999997 2.17305964889e-10
3.8922 -4.02759381402e-10
3.8948 -1.77797263023e-10
3.8973999999999998 -1.7754239745e-10
3.9 7.19029696894e-11
3.9025999999999996 -5.04934895978e-12
3.9052 -8.40018749004e-11
3.9078 -3.59087204416e-10
3.9103999999999997 8.31298918591e-11
3.913 -1.28724642057e-10
3.9156 6.6549515898e-11
3.9181999999999997 2.43974618286e-10
3.9208 -1.71729630516e-10
3.9234 1.04494454756e-10
3.9259999999999997 1.81748810446e-10
3.9286 -2.32486752072e-10
3.9312 1.70574457337e-10
3.9337999999999997 -2.06855851892e-10
3.9364 3.90883769796e-10
3.9389999999999996 3.12510906042e-10
3.9415999999999998 2.86851931097e-11
3.9442 3.57036900045e-11
3.9467999999999996 -1.27669624872e-10
3.9494 -6.62853522071e-11
3.952 -2.24599200349e-10
3.9545999999999997 1.31231026046e-10
3.9572 -2.23080345862e-10
3.9598 -2.03483424555e-10
3.9623999999999997 2.28433313931e-10
3.965 1.95746988063e-10
3.9676 -4.61602978064e-10
3.9701999999999997 2.93810975549e-10
3.9728 -1.63267441233e-10
3.9753999999999996 2.56831000911e-10
3.9779999999999998 1.51698237305e-10
3.9806 3.8865866081e-10
3.9831999999999996 2.67897481976e-10
3.9858 -1.76843012456e-10
3.9884 4.72192951406e-10
3.9909999999999997 1.65381625061e-10
3.9936 -2.94870350359e-10
3.9962 1.09691380978e-10
3.9987999999999997 -5.76575870381e-11
4.001399999999999 -2.93199908796e-10
4.004 1.00065483677e-10
4.0066 -2.86000334526e-10
4.0092 3.90229404346e-10
4.0118 3.44012596187e-10
4.0144 -2.67759814321e-10
4.0169999999999995 4.29466906482e-10
4.0196 5.78645603655e-11
4.0222 2.46833886663e-10
4.0248 -3.48251427695e-10
4.0274 -1.01523078139e-11
4.03 -1.01189653878e-10
4.0325999999999995 -9.41335496964e-15
4.0352 8.01195568223e-12
4.0378 3.303624041e-10
4.0404 -6.95856306604e-12
4.043 -1.55780513489e-10
4.045599999999999 1.4285498999e-11
4.0482 1.6223851429e-10
4.0508 4.11504830211e-10
4.0534 -4.81543555031e-11
4.056 -3.38922778731e-11
4.0586 3.81956466455e-10
4.0611999999999995 -2.8586311096e-10
4.0638 2.18305457045e-10
4.0664 6.72339961483e-11
4.069 2.40178987809e-10
4.0716 3.99843713694e-10
4.074199999999999 2.19648438327e-10
4.0767999999999995 -1.41891220995e-10
4.0794 7.73567182533e-11
4.082 -2.04014513616e-10
4.0846 2.35714336938e-10
4.0872 2.6470559078e-10
4.089799999999999 -8.63584898037e-11
4.0924 2.69623656735e-10
4.095 8.46501202467e-11
4.0976 1.48356327223e-10
4.1002 1.85972223732e-10
4.1028 5.52777129625e-11
4.1053999999999995 -1.68803623857e-10
4.108 2.91500157346e-11
4.1106 -2.44962800044e-11
4.1132 -1.71771263879e-10
4.1158 5.86112824941e-11
4.118399999999999 4.81009898579e-10
4.1209999999999996 2.05523625896e-10
4.1236 5.87938725483e-11
4.1262 -1.16328988109e-10
4.1288 1.40228020168e-12
4.1314 -2.1510120074e-10
4.1339999999999995 -2.84094969771e-10
4.1366 6.8791261576e-10
4.1392 1.71212363731e-10
4.1418 3.91193744065e-10
4.1444 -1.67347469215e-10
4.147 2.48204096165e-11
4.1495999999999995 -6.26276364102e-10
4.1522 -2.56769494555e-10
4.1548 -2.19200838036e-10
4.1574 1.65055497048e-10
4.16 1.52473478288e-10
4.162599999999999 -1.37014510848e-10
4.1652 3.01713931616e-11
4.1678 2.54132714872e-10
4.1704 -2.0514243082e-11
4.173 -1.32343302983e-10
4.1756 3.26939586515e-10
4.1781999999999995 -1.31069044507e-10
4.1808 4.53150433843e-11
4.1834 3.20555582078e-10
4.186 1.2619923162e-10
4.1886 3.54698936889e-10
4.191199999999999 -1.62972565998e-10
4.1937999999999995 -1.39780007014e-10
4.1964 2.79179124263e-10
4.199 -1.36163691433e-10
4.2016 -1.73577083262e-10
4.2042 4.78510564506e-10
4.206799999999999 3.50150575201e-10
4.2094 4.32978319864e-10
4.212 -9.34969896643e-12
4.2146 1.28610747052e-10
4.2172 1.34068187108e-10
4.2198 -1.92381319208e-10
4.2223999999999995 1.41490180683e-10
4.225 6.84053924616e-11
4.2276 1.33451721895e-10
4.2302 3.32328164987e-10
4.2328 3.04384517591e-10
4.235399999999999 -1.26188545724e-10
4.2379999999999995 7.04344915725e-11
4.2406 -2.29702673549e-10
4.2432 -3.16909609666e-10
4.2458 -1.43865253044e-10
4.2484 4.28558716292e-11
4.2509999999999994 4.63852734001e-10
4.2536 -2.24653254333e-10
4.2562 2.04990968644e-10
4.2588 3.37224692615e-10
4.2614 -3.26521032434e-10
4.264 4.5439119134e-10
4.2665999999999995 4.4988124337e-10
4.2692 1.07843456387e-11
4.2718 3.04277048002e-10
4.2744 1.52350992932e-10
4.277 7.93838467184e-11
4.279599999999999 2.35224201228e-11
4.2822 8.96623747471e-12
4.2848 -1.77011724722e-10
4.2874 3.01889402365e-10
4.29 2.38495445615e-10
4.2926 2.45174158753e-11
4.2951999999999995 6.48217330507e-12
4.2978 1.93646446101e-10
4.3004 1.23410337505e-10
4.303 -4.16637169209e-10
4.3056 1.79506548514e-10
4.308199999999999 2.75052897125e-11
4.3107999999999995 1.76756956294e-10
4.3134 1.06342351591e-10
4.316 -1.33955332937e-10
4.3186 -5.9091925797e-11
4.3212 1.85637699657e-10
4.323799999999999 1.15521037181e-10
4.3264 -1.25647443838e-11
4.329 1.61016630584e-10
4.3316 1.7637041827e-10
4.3342 -1.57200488737e-10
4.3368 -2.79291922922e-10
4.3393999999999995 4.59022958532e-11
4.342 1.22839113881e-10
4.3446 1.17277021427e-10
4.3472 3.31728866598e-10
4.3498 2.85959256274e-10
4.352399999999999 -2.38232211736e-11
4.3549999999999995 -3.17851855947e-11
4.3576 1.15284226609e-10
4.3602 -3.83172604757e-10
4.3628 -5.15904818865e-11
4.3654 1.43831585531e-10
4.367999999999999 5.35659017142e-11
4.3706 1.40426906214e-10
4.3732 -3.2071190148e-10
4.3758 -7.73960201483e-11
4.3784 -2.11970010988e-10
4.381 2.04930045156e-10
4.3835999999999995 -2.04504482793e-10
4.3862 5.54154944155e-10
4.3888 2.09221640013e-10
4.3914 -8.9413311824e-12
4.394 -2.64775756875e-10
4.396599999999999 -5.77878411789e-10
4.3991999999999996 1.4115469904e-10
4.4018 5.59164381464e-11
4.4044 -2.24339713473e-11
4.407 1.44465842067e-10
4.4096 5.40003819438e-10
4.4121999999999995 -2.17018125692e-10
4.4148 -2.42101449999e-10
4.4174 -5.4249299497e-11
4.42 -2.11765341374e-10
4.4226 -1.84215240284e-10
4.425199999999999 -1.36634328851e-10
4.4277999999999995 1.35218836128e-10
4.4304 3.7030725708e-11
4.433 -2.11935413663e-10
4.4356 -8.90929968689e-11
4.4382 -2.49428033783e-10
4.440799999999999 -7.09380193475e-11
4.4434 -2.98264080101e-10
4.446 -5.33740607267e-10
4.4486 -3.95632637762e-10
4.4512 -2.99205105136e-10
4.4538 4.93356466791e-11
4.4563999999999995 -2.42050157695e-10
4.459 -3.55101725802e-10
4.4616 4.24611235061e-10
4.4642 -7.46264605667e-10
4.4668 -1.1160235236e-10
4.469399999999999 2.39731789975e-10
4.4719999999999995 -1.13189693729e-10
4.4746 -2.22300872155e-10
4.4772 5.00610664034e-10
4.4798 3.03964853288e-10
4.4824 -1.90939472566e-10
4.484999999999999 2.83088663622e-10
4.4876 3.83630904821e-10
4.4902 1.73640442303e-12
4.4928 -2.48620846133e-11
4.4954 -6.19843239236e-12
4.498 2.48609355324e-10
4.5005999999999995 -2.55303778118e-10
4.5032 9.77265907087e-11
4.5058 3.51829676504e-11
4.5084 1.03688904685e-10
4.511 -3.54427945326e-12
4.513599999999999 7.18058945637e-11
4.5161999999999995 3.74346331711e-10
4.5188 3.03066904905e-10
4.5214 -1.29220930831e-11
4.524 6.06152628091e-11
4.5266 -2.58085330884e-10
4.5291999999999994 5.15234743759e-10
4.5318 -6.10086703379e-11
4.5344 1.15833384551e-10
4.537 1.05414593721e-10
4.5396 -1.27889004942e-10
4.542199999999999 1.81076265093e-11
4.5447999999999995 5.27671517592e-11
4.5474 -2.26622012822e-10
4.55 3.63282598448e-11
4.5526 -1.03101381599e-12
4.5552 3.02808611519e-11
4.557799999999999 2.10265832523e-11
4.5604 5.79378489629e-11
4.563 -9.89374832061e-11
4.5656 2.737881033e-10
4.5682 1.65252242446e-10
4.5708 4.22977208814e-10
4.5733999999999995 3.38079342299e-10
4.576 -8.77797001753e-11
4.5786 1.20269266768e-10
4.5812 -3.10222070254e-10
4.5838 2.00708477616e-10
4.586399999999999 -2.16642884188e-10
4.5889999999999995 -1.62203861453e-10
4.5916 -4.14450418429e-11
4.5942 4.30266239304e-11
4.5968 -9.22106002665e-11
4.5994 7.04377389749e-11
4.601999999999999 2.56980214886e-10
4.6046 -3.49081874518e-10
4.6072 -4.01467969979e-10
4.6098 4.44761116825e-10
4.6124 1.3285102185e-12
4.615 3.67822883263e-10
4.6175999999999995 -1.68412506163e-10
4.6202 -3.66906505178e-11
4.6228 -4.27218538324e-11
4.6254 1.30229733247e-11
4.628 1.43736050839e-10
4.630599999999999 6.56874138416e-11
4.6331999999999995 2.74103628684e-10
4.6358 6.06738548292e-11
4.6384 -3.88312937361e-10
4.641 2.52227128072e-11
4.6436 -3.30363958412e-10
4.646199999999999 9.80735909151e-11
4.6488 6.71488992882e-12
4.6514 -5.10514075458e-10
4.654 6.8284433663e-11
4.6566 -9.90463683292e-11
4.6592 1.36456984601e-10
4.6617999999999995 3.82617715289e-10
4.6644 -1.2828492435e-10
4.667 -1.49844470165e-10
4.6696 -6.17106643563e-11
4.6722 -1.12306247635e-10
4.674799999999999 -3.95684596199e-11
4.6774 2.24299967488e-10
4.68 7.11413705723e-11
4.6826 -2.14363846118e-10
4.6852 -2.7137764258e-11
4.6878 -2.87396551002e-10
4.6903999999999995 -9.25931137319e-11
4.693 -1.26273935752e-10
4.6956 1.80823647722e-10
4.6982 9.64517216095e-11
4.7008 -2.66576316577e-10
4.703399999999999 7.28002796935e-11
4.7059999999999995 -1.53795851054e-10
4.7086 3.86774834382e-10
4.7112 3.5089403605e-11
4.7138 3.64615004855e-10
4.7164 1.06395184329e-10
4.718999999999999 -2.11038547748e-10
4.7216 -6.37289526706e-11
4.7242 4.48464321234e-11
4.7268 -3.95342647508e-10
4.7294 -3.39550165762e-10
4.732 7.9838607947e-11
4.7345999999999995 -4.34337232846e-10
4.7372 -2.64437360897e-10
4.7398 -2.37582620244e-10
4.7424 -2.10456138627e-10
4.745 3.61171981211e-10
4.747599999999999 4.09924538758e-10
4.7501999999999995 8.42804298573e-11
4.7528 3.07379677267e-10
4.7554 9.77721237305e-11
4.758 5.82922043968e-11
4.7606 6.92532836633e-12
4.763199999999999 2.50373721755e-10
4.7658 -1.05777914206e-10
4.7684 8.41525044093e-11
4.771 3.36945582546e-10
4.7736 -1.02336430996e-10
4.7762 7.50687012552e-11
4.7787999999999995 2.59362975541e-10
4.7814 1.0270308215e-10
4.784 4.19038415078e-11
4.7866 -1.10385339758e-10
4.7892 -6.02385918924e-11
4.791799999999999 -2.83118195554e-10
4.7943999999999996 -2.09087996916e-10
4.797 -1.23993842971e-10
4.7996 -8.07738043118e-11
4.8022 -9.74228892003e-11
4.8048 -7.49979522929e-11
4.8073999999999995 -1.27749671952e-10
4.81 -2.15428688777e-10
4.8126 2.66015431905e-10
4.8152 -1.11983547435e-10
4.8178 1.42422774962e-11
4.820399999999999 -2.81481948861e-10
4.8229999999999995 4.67570648865e-10
4.8256 -6.09546996211e-11
4.8282 -3.14432480053e-10
4.8308 -2.74946287959e-10
4.8334 1.3356392381e-10
4.835999999999999 -1.192222987e-10
4.8386 4.94879137669e-11
4.8412 1.18876380961e-10
4.8438 -7.28981874865e-11
4.8464 -5.30201216264e-10
4.849 3.14313686189e-10
4.8515999999999995 -1.45754935899e-10
4.8542 -3.46080053504e-10
4.8568 -2.64232635772e-10
4.8594 4.40005587521e-10
4.862 -1.60079838274e-10
4.864599999999999 -7.17248704873e-10
4.8671999999999995 2.8862556789e-10
4.8698 -2.71675792973e-10
4.8724 1.68003472245e-10
4.875 3.12736642138e-11
4.8776 -5.37338618045e-10
4.880199999999999 2.95811819484e-10
4.8828 -2.69258837449e-10
4.8854 -3.19664961168e-10
4.888 -2.9252889e-10
4.8906 -8.1566003951e-11
4.8932 2.04457561992e-10
4.8957999999999995 -3.07340375372e-10
4.8984 2.14384746067e-10
4.901 -1.79128142874e-10
4.9036 8.19383449979e-11
4.9062 1.00128849656e-10
4.908799999999999 4.53305393222e-10
4.9113999999999995 -6.35179547848e-11
4.914 6.79640121959e-10
4.9166 -2.3694113338e-10
4.9192 -1.63086044669e-10
4.9218 -8.9097368372e-11
4.9243999999999994 2.45931497389e-10
4.927 2.50675924462e-10
4.9296 -4.99439795076e-11
4.9322 5.0303275434e-11
4.9348 2.60201415969e-10
4.937399999999999 6.02162625318e-11
4.9399999999999995 -1.38446185072e-10
4.9426 -3.86656484608e-10
4.9452 2.4797941478e-11
4.9478 4.00512734089e-10
4.9504 4.43935554983e-10
4.952999999999999 -2.41164421766e-10
4.9556 -1.45589193479e-10
4.9582 -1.3323676884e-10
4.9608 -4.09315026317e-10
4.9634 4.22928359001e-10
4.966 -3.14307690985e-10
4.9685999999999995 1.07126918447e-10
4.9712 1.66543098756e-10
4.9738 -1.62552360461e-10
4.9764 -6.11872913447e-11
4.979 -2.61176358318e-11
4.981599999999999 -1.65583935452e-10
4.9841999999999995 -1.11591166863e-10
4.9868 -2.99094971012e-10
4.9894 1.1479066829e-11
4.992 2.53764786962e-10
4.9946 -2.60911292571e-10
4.997199999999999 1.50019219269e-10
4.9998 -1.64154106974e-10
5.0024 -3.27117666288e-10
5.005 3.74060227237e-11
5.0076 -3.27102789299e-10
5.0102 2.70213185161e-10
5.0127999999999995 1.22015703097e-10
5.0154 -1.45357267889e-10
5.018 -2.07423148102e-10
5.0206 -2.27757479543e-10
5.0232 2.45279796474e-10
5.025799999999999 -7.16676717971e-11
5.0283999999999995 -6.59143628567e-10
5.031 9.51576595298e-11
5.0336 9.36029448395e-11
5.0362 -2.91083157578e-10
5.0388 -3.90271370776e-10
5.041399999999999 -1.04504079002e-12
5.044 -1.78604353529e-11
5.0466 -1.13076714658e-10
5.0492 7.49391659838e-11
5.0518 -2.34182229164e-10
5.054399999999999 -2.40329978141e-10
5.0569999999999995 -1.11411314202e-11
5.0596 2.63097765796e-10
5.0622 -4.08464841811e-12
5.0648 -4.61722438061e-10
5.0674 4.91200691233e-11
5.069999999999999 -1.98367253179e-10
5.0725999999999996 7.24768023375e-11
5.0752 1.45882958491e-10
5.0778 -1.32526351004e-10
5.0804 -1.25201557455e-10
5.083 2.30189478589e-11
5.0855999999999995 -3.38289174451e-10
5.0882 5.06943653722e-11
5.0908 1.50705836699e-11
5.0934 1.55116613998e-10
5.096 -4.75716827042e-11
5.098599999999999 2.77111444902e-10
5.1011999999999995 2.28338195574e-10
5.1038 8.28513646578e-12
5.1064 3.1528266109e-11
5.109 1.74667502684e-10
5.1116 -6.48513603929e-11
5.114199999999999 3.22961657417e-10
5.1168 -1.20831428196e-10
5.1194 1.66576377691e-10
5.122 -7.80428360825e-11
5.1246 -1.97901195431e-10
5.1272 -2.14551543198e-10
5.1297999999999995 -9.40036382069e-11
5.1324 -3.73017311484e-11
5.135 -1.98873917334e-10
5.1376 3.98798327694e-10
5.1402 -4.03389766035e-10
5.142799999999999 -2.67322386449e-10
5.1453999999999995 -4.4784592701e-12
5.148 1.6175791262e-10
5.1506 1.38095840319e-10
5.1532 1.5440212997e-10
5.1558 1.94316632229e-10
5.158399999999999 1.03209482627e-10
5.161 2.40799380435e-10
5.1636 4.26463531156e-10
5.1662 -8.19160572707e-11
5.1688 1.44209977293e-10
5.171399999999999 1.36183883614e-10
5.1739999999999995 2.50095083532e-11
5.1766 -7.78220890507e-12
5.1792 3.36252137245e-10
5.1818 6.4589511517e-10
5.1844 -2.21405588308e-10
5.186999999999999 3.16166537395e-11
5.1895999999999995 -3.04951397467e-10
5.1922 -1.09693270092e-11
5.1948 -3.80831588487e-10
5.1974 4.08871159152e-10
5.2 -5.47598077993e-12
