t y
0.0 -4.4959675789e-24
0.0026 -8.48442859418e-24
0.0052 4.13412073016e-25
0.0078 1.93290737965e-23
0.0104 1.72655272644e-23
0.013 -2.21475665258e-23
0.0156 -5.05035693498e-23
0.0182 -8.87485794427e-24
0.0208 7.60832992803e-23
0.023399999999999997 1.06908701795e-22
0.026 4.33850620905e-24
0.0286 -1.98112104357e-22
0.0312 -2.70570455249e-22
0.0338 4.17602894603e-23
0.0364 5.61235987165e-22
0.039 5.86795989262e-22
0.0416 -4.05006085989e-22
0.044199999999999996 -1.85713215264e-21
0.046799999999999994 -2.23310694563e-21
0.0494 -7.04813013806e-22
0.052 9.72296687887e-22
0.054599999999999996 -9.89556005238e-22
0.0572 -8.87363495113e-21
0.0598 -2.00804652981e-20
0.0624 -2.82955772399e-20
0.065 -2.96552230601e-20
0.0676 -2.76588969687e-20
0.0702 -3.10494553696e-20
0.0728 -4.325819854e-20
0.0754 -4.14830560207e-20
0.078 4.53561741427e-20
0.08059999999999999 3.40444430768e-19
0.0832 1.01296703249e-18
0.0858 2.3148748704e-18
0.08839999999999999 4.69312914651e-18
0.091 8.96976210125e-18
0.09359999999999999 1.66198452163e-17
0.0962 3.00953056091e-17
0.0988 5.30743697909e-17
0.10139999999999999 9.06875295582e-17
0.104 1.49790338714e-16
0.1066 2.39222644854e-16
0.10919999999999999 3.69754868948e-16
0.1118 5.52335361828e-16
0.1144 7.9174435393e-16
0.11699999999999999 1.07229966551e-15
0.1196 1.33070548904e-15
0.12219999999999999 1.40795171745e-15
0.1248 9.64926380985e-16
0.12739999999999999 -6.65900880715e-16
0.13 -4.73510391053e-15
0.1326 -1.34990556602e-14
0.1352 -3.08998262903e-14
0.1378 -6.36356744209e-14
0.1404 -1.22808447439e-13
0.143 -2.2642364329e-13
0.1456 -4.03116830281e-13
0.1482 -6.97633411543e-13
0.1508 -1.17868735605e-12
0.15339999999999998 -1.95005903786e-12
0.156 -3.1658625374e-12
0.1586 -5.05132914663e-12
0.16119999999999998 -7.93016086825e-12
0.1638 -1.2260010715e-11
0.1664 -1.86769627541e-11
0.16899999999999998 -2.80501316618e-11
0.1716 -4.15449757929e-11
0.1742 -6.06953792781e-11
0.17679999999999998 -8.74783162574e-11
0.1794 -1.24387000699e-10
0.182 -1.744904915e-10
0.1846 -2.41469511053e-10
0.18719999999999998 -3.2960345564e-10
0.1898 -4.43703074282e-10
0.1924 -5.88947779434e-10
0.19499999999999998 -7.70627117674e-10
0.1976 -9.93753968004e-10
0.2002 -1.26256050059e-09
0.20279999999999998 -1.57985358129e-09
0.2054 -1.94630445094e-09
0.208 -2.35965447182e-09
0.21059999999999998 -2.81396417279e-09
0.2132 -3.29894844775e-09
0.2158 -3.79953846164e-09
0.21839999999999998 -4.29572821758e-09
0.221 -4.76286388107e-09
0.2236 -5.17240650311e-09
0.22619999999999998 -5.49322720644e-09
0.2288 -5.69340841139e-09
0.2314 -5.74248559815e-09
0.23399999999999999 -5.61397683896e-09
0.23659999999999998 -5.2880082535e-09
0.2392 -4.75378314491e-09
0.2418 -4.01162481012e-09
0.24439999999999998 -3.07435565894e-09
0.247 -1.96773197736e-09
0.2496 -7.29907689845e-10
0.2522 5.90248738774e-10
0.25479999999999997 1.93585170116e-09
0.25739999999999996 3.24555626818e-09
0.26 4.45765735435e-09
0.2626 5.51450085595e-09
0.2652 6.36654462483e-09
0.2678 6.97611213241e-09
0.2704 7.3200361328e-09
0.27299999999999996 7.39125738392e-09
0.2756 7.19910531188e-09
0.2782 6.76828904034e-09
0.2808 6.13668760252e-09
0.2834 5.35220578968e-09
0.286 4.46893366757e-09
0.28859999999999997 3.5430911538e-09
0.2912 2.62896415748e-09
0.2938 1.77535364188e-09
0.2964 1.02259423151e-09
0.299 4.00520727695e-10
0.3016 -7.26183280175e-11
0.30419999999999997 -3.90284471408e-10
0.30679999999999996 -5.56888091197e-10
0.3094 -5.86313220197e-10
0.312 -4.9987369799e-10
0.3146 -3.23979731931e-10
0.3172 -8.76810568595e-11
0.3198 1.79679868206e-10
0.32239999999999996 4.50568693466e-10
0.325 7.00951297006e-10
0.3276 9.11554387528e-10
0.3302 1.06860187365e-09
0.3328 1.1640657327e-09
0.3354 1.19546927912e-09
0.33799999999999997 1.16530785021e-09
0.34059999999999996 1.08018083367e-09
0.3432 9.49733180988e-10
0.3458 7.85516762747e-10
0.3484 5.99849947491e-10
0.351 4.04794864295e-10
0.35359999999999997 2.11286807494e-10
0.35619999999999996 2.84970241848e-11
0.3588 -1.36585937005e-10
0.3614 -2.79317236007e-10
0.364 -3.97339050551e-10
0.3666 -4.90337770387e-10
0.3692 -5.59662094446e-10
0.37179999999999996 -6.07864647506e-10
0.37439999999999996 -6.38203045966e-10
0.377 -6.54168719194e-10
0.3796 -6.59077459275e-10
0.3822 -6.55745679978e-10
0.3848 -6.46279252337e-10
0.38739999999999997 -6.31970031861e-10
0.38999999999999996 -6.13299189212e-10
0.3926 -5.90031357106e-10
0.3952 -5.61378721287e-10
0.3978 -5.26212629026e-10
0.4004 -4.83300954812e-10
0.40299999999999997 -4.31546132162e-10
0.40559999999999996 -3.70208974587e-10
0.4082 -2.99101854395e-10
0.4108 -2.18730741852e-10
0.4134 -1.30389893327e-10
0.416 -3.61883439881e-11
0.41859999999999997 6.09805816953e-11
0.42119999999999996 1.57545684831e-10
0.42379999999999995 2.49419151999e-10
0.4264 3.32216254506e-10
0.429 4.01518818194e-10
0.4316 4.53167281478e-10
0.4342 4.83566742204e-10
0.43679999999999997 4.89974505413e-10
0.43939999999999996 4.70753658277e-10
0.442 4.2556735913e-10
0.4446 3.55491192039e-10
0.4472 2.63030486281e-10
0.4498 1.52038867607e-10
0.45239999999999997 2.75262868055e-11
0.45499999999999996 -1.04618855246e-10
0.4576 -2.37982966667e-10
0.4602 -3.66028318766e-10
0.4628 -4.82506923305e-10
0.4654 -5.81869885607e-10
0.46799999999999997 -6.59612586773e-10
0.47059999999999996 -7.1254913081e-10
0.47319999999999995 -7.38992422811e-10
0.4758 -7.3881301077e-10
0.4784 -7.13386016926e-10
0.481 -6.65429045199e-10
0.4836 -5.98745719671e-10
0.48619999999999997 -5.17897058572e-10
0.48879999999999996 -4.27833546368e-10
0.4914 -3.33518768159e-10
0.494 -2.39576580796e-10
0.4966 -1.499853991e-10
0.4992 -6.78573169877e-11
0.5018 4.69237669554e-12
0.5044 6.65804356093e-11
0.507 1.17683071621e-10
0.5095999999999999 1.58684343443e-10
0.5122 1.90852306181e-10
0.5147999999999999 2.15781434387e-10
0.5174 2.35120589664e-10
0.52 2.50324649897e-10
0.5226 2.62452282129e-10
0.5252 2.72035727278e-10
0.5277999999999999 2.79030354378e-10
0.5304 2.82852186118e-10
0.533 2.82488699099e-10
0.5356 2.76674461119e-10
0.5382 2.64100519232e-10
0.5408 2.43636666397e-10
0.5434 2.14529394249e-10
0.5459999999999999 1.76565276289e-10
0.5486 1.30165364598e-10
0.5512 7.64058399882e-11
0.5538 1.69777802927e-11
0.5564 -4.59384474905e-11
0.5589999999999999 -1.09827494321e-10
0.5616 -1.72035927171e-10
0.5641999999999999 -2.29978383559e-10
0.5668 -2.81310974515e-10
0.5694 -3.24091864456e-10
0.572 -3.56875640151e-10
0.5746 -3.78765685483e-10
0.5771999999999999 -3.89410503843e-10
0.5798 -3.88949539243e-10
0.5824 -3.77931463902e-10
0.585 -3.5720737479e-10
0.5876 -3.27823324042e-10
0.5902 -2.9092173115e-10
0.5928 -2.47659670549e-10
0.5953999999999999 -1.99161645509e-10
0.598 -1.46489251285e-10
0.6006 -9.06517361177e-11
0.6032 -3.26242644011e-11
0.6058 2.66225097523e-11
0.6083999999999999 8.60772564337e-11
0.611 1.44664252799e-10
0.6135999999999999 2.01231184493e-10
0.6162 2.545410549e-10
0.6188 3.03306491034e-10
0.6214 3.46217943203e-10
0.624 3.82002429689e-10
0.6265999999999999 4.09486444752e-10
0.6292 4.27653024104e-10
0.6317999999999999 4.3570635988e-10
0.6344 4.33116209564e-10
0.637 4.19656975836e-10
0.6396 3.9542857877e-10
0.6422 3.60865781701e-10
0.6447999999999999 3.16735526695e-10
0.6474 2.64118948934e-10
0.65 2.04398012404e-10
0.6526 1.39228059637e-10
0.6552 7.05056291128e-11
0.6577999999999999 3.45726160374e-13
0.6604 -6.89673457233e-11
0.6629999999999999 -1.3501255669e-10
0.6656 -1.95294835859e-10
0.6682 -2.47317055724e-10
0.6708 -2.88655099823e-10
0.6734 -3.17068149513e-10
0.6759999999999999 -3.30605987031e-10
0.6786 -3.27737614825e-10
0.6811999999999999 -3.07478487116e-10
0.6838 -2.695139667e-10
0.6864 -2.14311970947e-10
0.689 -1.4319817554e-10
0.6916 -5.84155224193e-11
0.6941999999999999 3.68874791823e-11
0.6968 1.38696762408e-10
0.6994 2.42247333304e-10
0.702 3.42199379944e-10
0.7046 4.32849089904e-10
0.7071999999999999 5.08408426469e-10
0.7098 5.63313840019e-10
0.7123999999999999 5.92542681588e-10
0.715 5.91943161155e-10
0.7176 5.58531221273e-10
0.7202 4.9075166153e-10
0.7228 3.88663101702e-10
0.7253999999999999 2.54061660598e-10
0.728 9.04992747408e-11
0.7305999999999999 -9.68108510024e-11
0.7332 -3.01136671155e-10
0.7358 -5.14535303253e-10
0.7384 -7.2816241925e-10
0.741 -9.32689925293e-10
0.7435999999999999 -1.11877063169e-09
0.7462 -1.27746391243e-09
0.7487999999999999 -1.40069911225e-09
0.7514 -1.48169987391e-09
0.754 -1.51532231207e-09
0.7565999999999999 -1.49835210905e-09
0.7592 -1.42969036609e-09
0.7617999999999999 -1.31045263529e-09
0.7644 -1.14394071993e-09
0.767 -9.35536537128e-10
0.7696 -6.92471857633e-10
0.7722 -4.23489465717e-10
0.7747999999999999 -1.38472455724e-10
0.7774 1.52026183309e-10
0.7799999999999999 4.37295755162e-10
0.7826 7.06930514127e-10
0.7852 9.51360101809e-10
0.7878 1.16223652924e-09
0.7904 1.33282451742e-09
0.7929999999999999 1.45827661058e-09
0.7956 1.53576840134e-09
0.7981999999999999 1.56457691247e-09
0.8008 1.54600288127e-09
0.8034 1.48322376603e-09
0.8059999999999999 1.38104105929e-09
0.8086 1.24558074965e-09
0.8111999999999999 1.0839493747e-09
0.8138 9.03851438139e-10
0.8164 7.1326033968e-10
0.819 5.2004511808e-10
0.8216 3.31692895372e-10
0.8241999999999999 1.55031293358e-10
0.8268 -4.00378254856e-12
0.8293999999999999 -1.40519845759e-10
0.832 -2.50810705538e-10
0.8346 -3.32446958851e-10
0.8371999999999999 -3.84305698375e-10
0.8398 -4.06576772249e-10
0.8423999999999999 -4.00715238769e-10
0.845 -3.6934455494e-10
0.8475999999999999 -3.16112691578e-10
0.8502 -2.45507836283e-10
0.8528 -1.6262451108e-10
0.8553999999999999 -7.28904159253e-11
0.858 1.82036746788e-11
0.8605999999999999 1.05413983098e-10
0.8632 1.8400372892e-10
0.8658 2.49992027079e-10
0.8684 3.00350189164e-10
0.871 3.3311331471e-10
0.8735999999999999 3.47434081505e-10
0.8762 3.43549633186e-10
0.8787999999999999 3.22672111253e-10
0.8814 2.86818346851e-10
0.884 2.38594921598e-10
0.8865999999999999 1.80955042617e-10
0.8892 1.1694890889e-10
0.8917999999999999 4.95049001792e-11
0.8944 -1.87625887049e-11
0.8969999999999999 -8.56942988792e-11
0.8996 -1.49655829396e-10
0.9022 -2.09559758435e-10
0.9047999999999999 -2.64831490071e-10
0.9074 -3.15318660071e-10
0.9099999999999999 -3.611868582e-10
0.9126 -4.02782251996e-10
0.9152 -4.40505409927e-10
0.9178 -4.74699168862e-10
0.9204 -5.05546937646e-10
0.9229999999999999 -5.33020294569e-10
0.9256 -5.56844570454e-10
0.9281999999999999 -5.76504177729e-10
0.9308 -5.91278803697e-10
0.9334 -6.00295368969e-10
0.9359999999999999 -6.02601080146e-10
0.9386 -5.97244032008e-10
0.9411999999999999 -5.83354697881e-10
0.9438 -5.6022164685e-10
0.9463999999999999 -5.27363930303e-10
0.949 -4.84589923744e-10
0.9516 -4.32039071185e-10
0.9541999999999999 -3.70217412282e-10
0.9568 -3.00012015231e-10
0.9593999999999999 -2.22686660778e-10
0.962 -1.3987073999e-10
0.9645999999999999 -5.35227417942e-11
0.9672 3.41292688555e-11
0.9698 1.20645854418e-10
0.9723999999999999 2.03479372241e-10
0.975 2.80060641344e-10
0.9775999999999999 3.47920581234e-10
0.9802 4.04811961729e-10
0.9828 4.48815429266e-10
0.9853999999999999 4.78460382425e-10
0.988 4.92807350483e-10
0.9905999999999999 4.91522600399e-10
0.9932 4.74912775772e-10
0.9957999999999999 4.43929337735e-10
0.9984 4.00133703948e-10
1.001 3.45621531395e-10
1.0036 2.82925460837e-10
1.0062 2.1487096824e-10
1.0088 1.4443345131e-10
1.0113999999999999 7.45710160288e-11
1.014 8.05826412542e-12
1.0166 -5.26556159786e-11
1.0191999999999999 -1.05579892051e-10
1.0218 -1.49283196915e-10
1.0244 -1.82948864391e-10
1.027 -2.06400466163e-10
1.0295999999999998 -2.20082688185e-10
1.0322 -2.24999838205e-10
1.0348 -2.226246687e-10
1.0373999999999999 -2.14775544571e-10
1.04 -2.03476763216e-10
1.0426 -1.90805815592e-10
1.0452 -1.78745865331e-10
1.0477999999999998 -1.69041086684e-10
1.0504 -1.63078314741e-10
1.053 -1.61787666597e-10
1.0555999999999999 -1.65582825229e-10
1.0582 -1.74333436576e-10
1.0608 -1.87376725247e-10
1.0634 -2.03568786827e-10
1.066 -2.21369228504e-10
1.0686 -2.38954411813e-10
1.0712 -2.54354537432e-10
1.0737999999999999 -2.65607091876e-10
1.0764 -2.70905964328e-10
1.079 -2.68749911214e-10
1.0816 -2.5806534687e-10
1.0842 -2.38302710898e-10
1.0868 -2.09491965442e-10
1.0894 -1.7225386395e-10
1.0919999999999999 -1.27767643687e-10
1.0946 -7.76787245638e-11
1.0972 -2.39878533703e-11
1.0997999999999999 3.1111849208e-11
1.1024 8.54008391782e-11
1.105 1.36799530037e-10
1.1076 1.83535589504e-10
1.1101999999999999 2.24254420589e-10
1.1128 2.58121746199e-10
1.1154 2.8483748693e-10
1.1179999999999999 3.04629654835e-10
1.1206 3.18176818226e-10
1.1232 3.26502602732e-10
1.1258 3.3083402684e-10
1.1283999999999998 3.32457616992e-10
1.131 3.32574190409e-10
1.1336 3.32178951012e-10
1.1361999999999999 3.31974892021e-10
1.1388 3.32324612273e-10
1.1414 3.33248983964e-10
1.144 3.34458905016e-10
1.1465999999999998 3.35421024289e-10
1.1492 3.3543989808e-10
1.1518 3.33745697745e-10
1.1543999999999999 3.29574367797e-10
1.157 3.22232018846e-10
1.1596 3.11137116071e-10
1.1622 2.95836910524e-10
1.1648 2.7600810526e-10
1.1674 2.51437537457e-10
1.17 2.21998738836e-10
1.1725999999999999 1.87629578541e-10
1.1752 1.48324241778e-10
1.1778 1.04125222333e-10
1.1804 5.51515083602e-11
1.183 1.60495401691e-12
1.1856 -5.61724139425e-11
1.1882 -1.1768891417e-10
1.1907999999999999 -1.82260845305e-10
1.1934 -2.49018583531e-10
1.196 -3.16893622454e-10
1.1985999999999999 -3.84676290821e-10
1.2012 -4.51025661263e-10
1.2038 -5.14555065223e-10
1.2064 -5.73873171206e-10
1.2089999999999999 -6.27652374519e-10
1.2116 -6.74670985745e-10
1.2142 -7.13841652455e-10
1.2167999999999999 -7.44223793703e-10
1.2194 -7.65026042515e-10
1.222 -7.7557849032e-10
1.2246 -7.75314479284e-10
1.2271999999999998 -7.637446231e-10
1.2298 -7.40444372482e-10
1.2324 -7.05051128591e-10
1.2349999999999999 -6.57295551321e-10
1.2376 -5.97022431492e-10
1.2402 -5.24272625313e-10
1.2428 -4.39325020807e-10
1.2453999999999998 -3.42787354057e-10
1.248 -2.35635067014e-10
1.2506 -1.19287246747e-10
1.2531999999999999 4.4252414233e-12
1.2558 1.33217631371e-10
1.2584 2.64456012644e-10
1.261 3.95203647585e-10
1.2635999999999998 5.22364596023e-10
1.2662 6.42812691964e-10
1.2688 7.53536122389e-10
1.2713999999999999 8.51790638023e-10
1.274 9.35257427059e-10
1.2766 1.00213304322e-09
1.2792 1.05123021399e-09
1.2818 1.08201225757e-09
1.2844 1.09458997422e-09
1.287 1.08968500889e-09
1.2895999999999999 1.0685423657e-09
1.2922 1.03282293828e-09
1.2948 9.84467618537e-10
1.2973999999999999 9.2555918485e-10
1.3 8.58196402831e-10
1.3026 7.84361908757e-10
1.3052 7.05855818239e-10
1.3077999999999999 6.24202911581e-10
1.3104 5.40670841431e-10
1.313 4.56241933122e-10
1.3155999999999999 3.71680242139e-10
1.3182 2.87566415125e-10
1.3208 2.0439440418e-10
1.3234 1.22601262476e-10
1.3259999999999998 4.26683688382e-11
1.3286 -3.48759077173e-11
1.3312 -1.09413492155e-10
1.3337999999999999 -1.80262541005e-10
1.3364 -2.4670354648e-10
1.339 -3.08026271156e-10
1.3416 -3.63608476661e-10
1.3441999999999998 -4.12965217578e-10
1.3468 -4.55823156997e-10
1.3494 -4.9216253295e-10
1.3519999999999999 -5.2223669833e-10
1.3546 -5.46562572978e-10
1.3572 -5.65888669257e-10
1.3598 -5.81120263021e-10
1.3623999999999998 -5.93236570978e-10
1.365 -6.03176397718e-10
1.3676 -6.11731110212e-10
1.3701999999999999 -6.19440498895e-10
1.3728 -6.26510399115e-10
1.3754 -6.32761842922e-10
1.378 -6.37623287503e-10
1.3805999999999998 -6.40162811649e-10
1.3832 -6.39170938399e-10
1.3858 -6.33278096629e-10
1.3883999999999999 -6.21103168896e-10
1.391 -6.01413585599e-10
1.3936 -5.73286973449e-10
1.3961999999999999 -5.36251265615e-10
1.3988 -4.90380180906e-10
1.4014 -4.36356284439e-10
1.404 -3.75457887003e-10
1.4065999999999999 -3.09498870976e-10
1.4092 -2.40714781441e-10
1.4118 -1.7158732768e-10
1.4143999999999999 -1.04667746692e-10
1.417 -4.23597962262e-11
1.4196 1.3275168291e-11
1.4222 6.06836664252e-11
1.4247999999999998 9.8942590232e-11
1.4274 1.27838822861e-10
1.43 1.47867121325e-10
1.4325999999999999 1.60188209919e-10
1.4352 1.66507349575e-10
1.4378 1.68922001387e-10
1.4404 1.69725108967e-10
1.4429999999999998 1.71194433629e-10
1.4456 1.75378656042e-10
1.4482 1.83901685546e-10
1.4507999999999999 1.97795460566e-10
1.4534 2.17383319678e-10
1.456 2.4221291639e-10
1.4586 2.71058953061e-10
1.4611999999999998 3.01984659501e-10
1.4638 3.32465610597e-10
1.4664 3.59577034814e-10
1.4689999999999999 3.80210751771e-10
1.4716 3.91335630567e-10
1.4742 3.90256493787e-10
1.4768 3.74864361774e-10
1.4793999999999998 3.43856720875e-10
1.482 2.96897173513e-10
1.4846 2.34725128223e-10
1.4871999999999999 1.59147153789e-10
1.4898 7.29997173821e-11
1.4924 -2.00335303902e-11
1.4949999999999999 -1.15620499286e-10
1.4975999999999998 -2.0908276499e-10
1.5002 -2.95677260453e-10
1.5028 -3.70954378326e-10
1.5053999999999998 -4.31013891244e-10
1.508 -4.72793360018e-10
1.5106 -4.94234431159e-10
1.5131999999999999 -4.94404517326e-10
1.5158 -4.73511896359e-10
1.5184 -4.3284553719e-10
1.521 -3.7464187308e-10
1.5235999999999998 -3.01870084485e-10
1.5262 -2.18005655195e-10
1.5288 -1.26752872087e-10
1.5313999999999999 -3.1790917121e-11
1.534 6.34527014265e-11
1.5366 1.56014715036e-10
1.5392 2.43505882125e-10
1.5417999999999998 3.24200888357e-10
1.5444 3.97037958066e-10
1.547 4.61551241671e-10
1.5495999999999999 5.17747178463e-10
1.5522 5.65954616505e-10
1.5548 6.0662030954e-10
1.5574 6.40135056074e-10
1.5599999999999998 6.66638522162e-10
1.5626 6.85898893238e-10
1.5652 6.97222279911e-10
1.5677999999999999 6.99451607744e-10
1.5704 6.91035451084e-10
1.573 6.70176358852e-10
1.5756 6.35050456665e-10
1.5781999999999998 5.84063908349e-10
1.5808 5.16143128237e-10
1.5834 4.30993463141e-10
1.5859999999999999 3.29320570813e-10
1.5886 2.12981202119e-10
1.5912 8.49912501488e-11
1.5937999999999999 -5.05263053618e-11
1.5963999999999998 -1.88573059945e-10
1.599 -3.23586935025e-10
1.6016 -4.49830395155e-10
1.6041999999999998 -5.61814594846e-10
1.6068 -6.54756915353e-10
1.6094 -7.24934778873e-10
1.6119999999999999 -7.70017161145e-10
1.6146 -7.8920758817e-10
1.6172 -7.83304976437e-10
1.6198 -7.54593276753e-10
1.6223999999999998 -7.06614766699e-10
1.625 -6.43853415028e-10
1.6276 -5.71325431409e-10
1.6301999999999999 -4.94197127665e-10
1.6328 -4.17365919603e-10
1.6354 -3.45146133895e-10
1.638 -2.80998113666e-10
1.6405999999999998 -2.27376104056e-10
1.6432 -1.85671297781e-10
1.6458 -1.56242560556e-10
1.6483999999999999 -1.38519432036e-10
1.651 -1.31173502615e-10
1.6536 -1.32307456657e-10
1.6562 -1.39660130682e-10
1.6587999999999998 -1.50796930498e-10
1.6614 -1.63279709198e-10
1.664 -1.74800077191e-10
1.6665999999999999 -1.83282999888e-10
1.6692 -1.86954909887e-10
1.6718 -1.84383022739e-10
1.6743999999999999 -1.74495140559e-10
1.6769999999999998 -1.56582441457e-10
1.6796 -1.30299632195e-10
1.6822 -9.56473511504e-11
1.6847999999999999 -5.29754573542e-11
1.6874 -2.95904446779e-12
1.69 5.34003813391e-11
1.6925999999999999 1.14798739959e-10
1.6951999999999998 1.79645243126e-10
1.6978 2.46087816791e-10
1.7004 3.12051495754e-10
1.7029999999999998 3.75306674627e-10
1.7056 4.33521218923e-10
1.7082 4.84363438247e-10
1.7107999999999999 5.25598897738e-10
1.7133999999999998 5.55201218333e-10
1.716 5.71482638989e-10
1.7186 5.732045949e-10
1.7211999999999998 5.59692070468e-10
1.7238 5.30916866026e-10
1.7264 4.87549778327e-10
1.7289999999999999 4.30979474331e-10
1.7316 3.63268748416e-10
1.7342 2.87092571938e-10
1.7368 2.05576888845e-10
1.7393999999999998 1.22170537575e-10
1.742 4.04162675549e-11
1.7446 -3.62287977396e-11
1.7471999999999999 -1.04613220864e-10
1.7498 -1.62045002416e-10
1.7524 -2.06458683483e-10
1.755 -2.36476171978e-10
1.7575999999999998 -2.51462628498e-10
1.7602 -2.51494158832e-10
1.7628 -2.37293074079e-10
1.7653999999999999 -2.10117770405e-10
1.768 -1.71633846024e-10
1.7706 -1.23780888317e-10
1.7731999999999999 -6.86338069711e-11
1.7757999999999998 -8.3093532055e-12
1.7784 5.51210743716e-11
1.781 1.19669552046e-10
1.7835999999999999 1.83437279255e-10
1.7862 2.44615439016e-10
1.7888 3.0144264862e-10
1.7913999999999999 3.52191387165e-10
1.7939999999999998 3.95151245058e-10
1.7966 4.28634017169e-10
1.7992 4.51008785873e-10
1.8017999999999998 4.60771421018e-10
1.8044 4.56632731627e-10
1.807 4.3762882207e-10
1.8095999999999999 4.0323810957e-10
1.8121999999999998 3.53479467918e-10
1.8148 2.89004375986e-10
1.8174 2.11132292205e-10
1.8199999999999998 1.21854970558e-10
1.8226 2.37903724498e-11
1.8252 -7.99121602224e-11
1.8277999999999999 -1.85737022984e-10
1.8304 -2.89950952137e-10
1.833 -3.88822751773e-10
1.8356 -4.78812767213e-10
1.8381999999999998 -5.56756418746e-10
1.8408 -6.20043127952e-10
1.8434 -6.66719124354e-10
1.8459999999999999 -6.95582924592e-10
1.8486 -7.0620687076e-10
1.8512 -6.98916480246e-10
1.8538 -6.74732048012e-10
1.8563999999999998 -6.35268060378e-10
1.859 -5.82625947487e-10
1.8616 -5.19242204788e-10
1.8641999999999999 -4.47782255719e-10
1.8668 -3.70987462972e-10
1.8694 -2.9158475634e-10
1.8719999999999999 -2.12170503389e-10
1.8745999999999998 -1.35159383685e-10
1.8772 -6.26898671863e-11
1.8798 3.3820932166e-12
1.8823999999999999 6.15477668831e-11
1.885 1.10646158902e-10
1.8876 1.49892390167e-10
1.8901999999999999 1.78879480672e-10
1.8927999999999998 1.97578592376e-10
1.8954 2.06332659292e-10
1.898 2.05839637002e-10
1.9005999999999998 1.97118932288e-10
1.9032 1.81467632587e-10
1.9058 1.60401456006e-10
1.9083999999999999 1.35586236683e-10
1.9109999999999998 1.08751951888e-10
1.9136 8.16134798631e-11
1.9162 5.57708185189e-11
1.9187999999999998 3.26390997563e-11
1.9214 1.3364628848e-11
1.924 -1.22414578474e-12
1.9265999999999999 -1.06577533257e-11
1.9291999999999998 -1.48344669881e-11
1.9318 -1.40117683081e-11
1.9344 -8.76782153825e-12
1.9369999999999998 5.59056144748e-14
1.9396 1.14295430759e-11
1.9422 2.42237063741e-11
1.9447999999999999 3.73015646149e-11
1.9474 4.96082203094e-11
1.95 6.02510819014e-11
1.9526 6.85660000999e-11
1.9551999999999998 7.41561811957e-11
1.9578 7.69104779863e-11
1.9604 7.69920377452e-11
1.9629999999999999 7.48028722297e-11
1.9656 7.09262093501e-11
1.9682 6.60544119402e-11
1.9707999999999999 6.09077649427e-11
1.9733999999999998 5.61546364963e-11
1.976 5.23414367404e-11
1.9786 4.98393687431e-11
1.9811999999999999 4.88133145016e-11
1.9838 4.9217796505e-11
1.9864 5.08188907622e-11
1.9889999999999999 5.32403982012e-11
1.9915999999999998 5.60297225283e-11
1.9942 5.87346837833e-11
1.9968 6.09846478872e-11
1.9993999999999998 6.25645368846e-11
2.002 6.34757246765e-11
2.0046 6.39731045915e-11
2.0072 6.45756503825e-11
2.0098 6.60447946332e-11
2.0124 6.93319290868e-11
2.015 7.54963036531e-11
2.0176 8.55984727544e-11
2.0202 1.00575839324e-10
2.0227999999999997 1.21114993035e-10
2.0254 1.47520703986e-10
2.028 1.79608244943e-10
2.0305999999999997 2.16618611937e-10
2.0332 2.57168730755e-10
2.0358 2.99262392645e-10
2.0383999999999998 3.40332206861e-10
2.041 3.77369469007e-10
2.0436 4.07071931718e-10
2.0462 4.26071622428e-10
2.0488 4.3117376336e-10
2.0514 4.19624335279e-10
2.054 3.89373200349e-10
2.0566 3.39299699448e-10
2.0591999999999997 2.6941271436e-10
2.0618 1.8094567511e-10
2.0644 7.64013019516e-11
2.0669999999999997 -4.05325634167e-11
2.0696 -1.65144647957e-10
2.0722 -2.91949575626e-10
2.0747999999999998 -4.15013134969e-10
2.0774 -5.28353361062e-10
2.08 -6.26297680384e-10
2.0826 -7.03908931143e-10
2.0852 -7.57262919038e-10
2.0878 -7.83759501743e-10
2.0904 -7.82256703857e-10
2.093 -7.53141549126e-10
2.0955999999999997 -6.98286539702e-10
2.0982 -6.20869355927e-10
2.1008 -5.25175902766e-10
2.1033999999999997 -4.16252143864e-10
2.106 -2.99609892451e-10
2.1086 -1.80864698218e-10
2.1111999999999997 -6.53818110763e-11
2.1138 4.196060166e-11
2.1164 1.37027042491e-10
2.1189999999999998 2.16602874525e-10
2.1216 2.78440603907e-10
2.1242 3.2133296024e-10
2.1268 3.45024897541e-10
2.1294 3.5016789468e-10
2.132 3.38171268766e-10
2.1346 3.11064285441e-10
2.1372 2.71340949709e-10
2.1397999999999997 2.21806517597e-10
2.1424 1.65416416675e-10
2.145 1.0517238469e-10
2.1475999999999997 4.397301967e-11
2.1502 -1.54263268826e-11
2.1528 -7.05392549927e-11
2.1553999999999998 -1.19154006106e-10
2.158 -1.59385754595e-10
2.1606 -1.89717866417e-10
2.1632 -2.08988826245e-10
2.1658 -2.16427112343e-10
2.1684 -2.11650544313e-10
2.171 -1.94685628729e-10
2.1736 -1.65972305344e-10
2.1761999999999997 -1.26385568677e-10
2.1788 -7.72191061094e-11
2.1814 -2.02152322659e-11
2.1839999999999997 4.25008361837e-11
2.1866 1.08417677613e-10
2.1892 1.74746495052e-10
2.1917999999999997 2.38486119741e-10
2.1944 2.96562774338e-10
2.197 3.45989903394e-10
2.1995999999999998 3.84008824739e-10
2.2022 4.08291400689e-10
2.2048 4.17077261616e-10
2.2074 4.09340561447e-10
2.21 3.84885456839e-10
2.2125999999999997 3.4441871577e-10
2.2152 2.89531509878e-10
2.2178 2.22668522509e-10
2.2203999999999997 1.46973419546e-10
2.223 6.61425636483e-11
2.2256 -1.58085766699e-11
2.2281999999999997 -9.4812782625e-11
2.2308 -1.66968994186e-10
2.2334 -2.28840321692e-10
2.2359999999999998 -2.77611489352e-10
2.2386 -3.11312975398e-10
2.2412 -3.28880922496e-10
2.2438 -3.30219407374e-10
2.2464 -3.16150217117e-10
2.249 -2.88315815666e-10
2.2516 -2.49009035613e-10
2.2542 -2.00985866838e-10
2.2567999999999997 -1.47214879176e-10
2.2594 -9.06878599993e-11
2.262 -3.41942862914e-11
2.2645999999999997 1.9856630229e-11
2.2672 6.95060953237e-11
2.2698 1.13345680064e-10
2.2723999999999998 1.50463058679e-10
2.275 1.80404233219e-10
2.2776 2.0304199988e-10
2.2802 2.1844832887e-10
2.2828 2.26754309773e-10
2.2854 2.28021532211e-10
2.288 2.22161539165e-10
2.2906 2.08905157062e-10
2.2931999999999997 1.87826670883e-10
2.2958 1.58444479759e-10
2.2984 1.2034999386e-10
2.3009999999999997 7.33960947574e-11
2.3036 1.78787123994e-11
2.3062 -4.53094922692e-11
2.3087999999999997 -1.14534298712e-10
2.3114 -1.87375698291e-10
2.314 -2.60676147334e-10
2.3165999999999998 -3.30629301715e-10
2.3192 -3.93040266999e-10
2.3218 -4.43555858709e-10
2.3244 -4.78057149422e-10
2.327 -4.92968110777e-10
2.3296 -4.85615325729e-10
2.3322 -4.54498438884e-10
2.3348 -3.99496435932e-10
2.3373999999999997 -3.21943582904e-10
2.34 -2.24637031199e-10
2.3426 -1.11640627298e-10
2.3451999999999997 1.18744996475e-11
2.3478 1.40059103204e-10
2.3504 2.66662691928e-10
2.3529999999999998 3.85514953294e-10
2.3556 4.90843810041e-10
2.3582 5.7764459882e-10
2.3608 6.41966035886e-10
2.3634 6.81063205832e-10
2.366 6.93525681328e-10
2.3686 6.79285516725e-10
2.3712 6.39555741699e-10
2.3737999999999997 5.76686920439e-10
2.3764 4.94028373765e-10
2.379 3.95658839025e-10
2.3815999999999997 2.86221046863e-10
2.3842 1.7062318225e-10
2.3868 5.38531441663e-11
2.3893999999999997 -5.92678267575e-11
2.392 -1.64320279605e-10
2.3946 -2.57421417516e-10
2.3971999999999998 -3.35455885292e-10
2.3998 -3.96130017677e-10
2.4024 -4.381317531e-10
2.405 -4.61116922423e-10
2.4076 -4.65721905485e-10
2.4101999999999997 -4.534894682e-10
2.4128 -4.26738644421e-10
2.4154 -3.88385101857e-10
2.4179999999999997 -3.41735306719e-10
2.4206 -2.90244717149e-10
2.4232 -2.37262653968e-10
2.4257999999999997 -1.85832807476e-10
2.4284 -1.38467112776e-10
2.431 -9.70515889875e-11
2.4335999999999998 -6.27283780474e-11
2.4362 -3.59257068538e-11
2.4388 -1.63931090924e-11
2.4414 -3.33167087668e-12
2.444 4.45736589999e-12
2.4466 8.39482650061e-12
2.4492 9.94191100973e-12
2.4518 1.04420951053e-11
2.4543999999999997 1.09923598002e-11
2.457 1.23613801487e-11
2.4596 1.49551621087e-11
2.4621999999999997 1.88302429205e-11
2.4648 2.37499186984e-11
2.4674 2.92651319844e-11
2.4699999999999998 3.48169132414e-11
2.4726 3.98349131459e-11
2.4752 4.38284408766e-11
2.4778 4.64556310087e-11
2.4804 4.75621209084e-11
2.483 4.7192888486e-11
2.4856 4.55735033045e-11
2.4882 4.3068770772e-11
2.4907999999999997 4.01269989458e-11
2.4934 3.72154113082e-11
2.496 3.47604584006e-11
2.4985999999999997 3.30959842865e-11
2.5012 3.24278520702e-11
2.5038 3.28181787301e-11
2.5063999999999997 3.41881800647e-11
2.509 3.63383906299e-11
2.5116 3.89823312519e-11
2.5141999999999998 4.17888917914e-11
2.5168 4.44231595953e-11
2.5194 4.65876781597e-11
2.522 4.80498418831e-11
2.5246 4.86608114914e-11
2.5271999999999997 4.83582340838e-11
2.5298 4.71575140049e-11
2.5324 4.51315651517e-11
2.5349999999999997 4.23849566555e-11
2.5376 3.90239368597e-11
2.5402 3.5133090881e-11
2.5427999999999997 3.0753580238e-11
2.5454 2.58780497031e-11
2.548 2.04512934365e-11
2.5505999999999998 1.43881425871e-11
2.5532 7.59803765044e-12
2.5558 1.54856257483e-14
2.5584 -8.36335167786e-12
2.561 -1.74511516349e-11
2.5636 -2.70490019272e-11
2.5662 -3.68317459865e-11
2.5688 -4.63597910061e-11
2.5713999999999997 -5.50928191956e-11
2.574 -6.24358065249e-11
2.5766 -6.77818356998e-11
2.5791999999999997 -7.057553153e-11
2.5818 -7.03704039484e-11
2.5844 -6.6887120842e-11
2.5869999999999997 -6.00574312504e-11
2.5896 -5.0055792844e-11
2.5922 -3.73026470823e-11
2.5947999999999998 -2.24594787213e-11
2.5974 -6.38070759423e-12
2.6 9.93052428483e-12
2.6026 2.54038734493e-11
2.6052 3.89735743678e-11
2.6077999999999997 4.96633706382e-11
2.6104 5.66631047638e-11
2.613 5.93862736764e-11
2.6155999999999997 5.75171021922e-11
2.6182 5.10309849933e-11
2.6208 4.01956107288e-11
2.6233999999999997 2.55434701169e-11
2.626 7.84096485656e-12
2.6286 -1.19790800543e-11
2.6311999999999998 -3.28655019866e-11
2.6338 -5.37258154631e-11
2.6364 -7.34774602273e-11
2.639 -9.11067749021e-11
2.6416 -1.05717060106e-10
2.6441999999999997 -1.16554529916e-10
2.6468 -1.23041132838e-10
2.6494 -1.24781102118e-10
2.6519999999999997 -1.21574625367e-10
2.6546 -1.13416678826e-10
2.6572 -1.00499678024e-10
2.6597999999999997 -8.32014040997e-11
2.6624 -6.20867940393e-11
2.665 -3.78845427251e-11
2.6675999999999997 -1.14780051783e-11
2.6702 1.6125115132e-11
2.6728 4.38347413922e-11
2.6754 7.05099728604e-11
2.678 9.50312606385e-11
2.6806 1.16339216039e-10
2.6832 1.33520222656e-10
2.6858 1.45849193833e-10
2.6883999999999997 1.52855755831e-10
2.691 1.54357512883e-10
2.6936 1.50486886841e-10
2.6961999999999997 1.41689215916e-10
2.6988 1.28702742908e-10
2.7014 1.12505046945e-10
2.7039999999999997 9.42559780226e-11
2.7066 7.51983614267e-11
2.7092 5.65754249005e-11
2.7117999999999998 3.95294907918e-11
2.7144 2.50022363923e-11
2.717 1.36696782366e-11
2.7196 5.87588051132e-12
2.7222 1.61030477147e-12
2.7247999999999997 5.06099231534e-13
2.7274 1.87398447454e-12
2.73 4.76495752577e-12
2.7325999999999997 8.05862321318e-12
2.7352 1.0566154722e-11
2.7378 1.11468265174e-11
2.7403999999999997 8.81884409248e-12
2.743 2.86113320536e-12
2.7456 -7.10561817718e-12
2.7481999999999998 -2.10664680145e-11
2.7508 -3.85985826634e-11
2.7534 -5.88820242564e-11
2.756 -8.07663103064e-11
2.7586 -1.02840611027e-10
2.7611999999999997 -1.23552668096e-10
2.7638 -1.41336831128e-10
2.7664 -1.54727494706e-10
2.7689999999999997 -1.62495503164e-10
2.7716 -1.6373909173e-10
2.7742 -1.57966154046e-10
2.7767999999999997 -1.45135861662e-10
2.7794 -1.25668864204e-10
2.782 -1.00413274917e-10
2.7845999999999997 -7.05952379887e-11
2.7872 -3.77140679797e-11
2.7898 -3.46156350112e-12
2.7923999999999998 3.04239688997e-11
2.795 6.22462775768e-11
2.7976 9.04821495507e-11
2.8002 1.13857756556e-10
2.8028 1.31427452255e-10
2.8053999999999997 1.42621067734e-10
2.808 1.47254389238e-10
2.8106 1.455262022e-10
2.8131999999999997 1.37980890602e-10
2.8158 1.25457519373e-10
2.8184 1.090134788e-10
2.8209999999999997 8.98561919316e-11
2.8236 6.92456925133e-11
2.8262 4.84296491798e-11
2.8287999999999998 2.85581835957e-11
2.8314 1.06343440998e-11
2.834 -4.5351066652e-12
2.8366 -1.63697250199e-11
2.8392 -2.45194003989e-11
2.8417999999999997 -2.88669504966e-11
2.8444 -2.9504856891e-11
2.847 -2.67128541509e-11
2.8495999999999997 -2.09243733451e-11
2.8522 -1.26914442497e-11
2.8548 -2.65347032541e-12
2.8573999999999997 8.4938245673e-12
2.86 2.00279931528e-11
2.8626 3.12186110296e-11
2.8651999999999997 4.13504924746e-11
2.8678 4.97457491866e-11
2.8704 5.578003337e-11
2.8729999999999998 5.89104459658e-11
2.8756 5.86965753779e-11
2.8781999999999996 5.48304041059e-11
2.8808 4.71631206311e-11
2.8834 3.5727726333e-11
2.8859999999999997 2.07605183045e-11
2.8886 2.70948020964e-12
2.8912 -1.77742681684e-11
2.8937999999999997 -3.98456545536e-11
2.8964 -6.25140911259e-11
2.899 -8.46744757643e-11
2.9015999999999997 -1.05189565391e-10
2.9042 -1.22941781755e-10
2.9068 -1.36920225158e-10
2.9093999999999998 -1.46281584068e-10
2.912 -1.50416637479e-10
2.9146 -1.48996634475e-10
2.9172 -1.42000133874e-10
2.9198 -1.29722274589e-10
2.9223999999999997 -1.12755346726e-10
2.925 -9.19589820958e-11
2.9276 -6.83928469414e-11
2.9301999999999997 -4.32651414695e-11
2.9328 -1.78331654999e-11
2.9354 6.65690419455e-12
2.9379999999999997 2.90635848721e-11
2.9406 4.84056128514e-11
2.9432 6.39216179987e-11
2.9457999999999998 7.51091272511e-11
2.9484 8.17351880622e-11
2.951 8.38412950177e-11
2.9536 8.17188261504e-11
2.9562 7.58757223718e-11
2.9587999999999997 6.69890670713e-11
2.9614 5.5851975822e-11
2.964 4.33092728347e-11
2.9665999999999997 3.02082941994e-11
2.9692 1.73386444091e-11
2.9718 5.39390927756e-12
2.9743999999999997 -5.06521821014e-12
2.977 -1.36349612156e-11
2.9796 -2.00732763744e-11
2.9821999999999997 -2.430258772e-11
2.9848 -2.63910143738e-11
2.9874 -2.65330257765e-11
2.9899999999999998 -2.50166276583e-11
2.9926 -2.21888063479e-11
2.9951999999999996 -1.84188914121e-11
2.9978 -1.40628975479e-11
3.0004 -9.43075131876e-12
3.0029999999999997 -4.7637033207e-12
3.0056 -2.15074106528e-13
3.0082 4.15235987955e-12
3.0107999999999997 8.36416959998e-12
3.0134 1.25208055729e-11
3.016 1.67718200439e-11
3.0185999999999997 2.12912465436e-11
3.0212 2.62426191888e-11
3.0238 3.17511156256e-11
3.0263999999999998 3.78743286733e-11
3.029 4.45831427331e-11
3.0316 5.1752518937e-11
3.0342 5.91576926334e-11
3.0368 6.64890781321e-11
3.0393999999999997 7.33656052576e-11
3.042 7.93679844069e-11
3.0446 8.4064033512e-11
3.0471999999999997 8.70451072332e-11
3.0498 8.79541162124e-11
3.0524 8.65131161154e-11
3.0549999999999997 8.25423063233e-11
3.0576 7.59735607758e-11
3.0602 6.68521765723e-11
3.0627999999999997 5.53397189185e-11
3.0654 4.17040568745e-11
3.068 2.63031124659e-11
3.0705999999999998 9.58160373959e-12
3.0732 -7.95938575465e-12
3.0757999999999996 -2.57655979885e-11
3.0784 -4.32590629984e-11
3.081 -5.98481958436e-11
3.0835999999999997 -7.4952100082e-11
3.0862 -8.80256700864e-11
3.0888 -9.85768827677e-11
3.0913999999999997 -1.06200409578e-10
3.094 -1.10595269054e-10
3.0966 -1.11595482855e-10
3.0991999999999997 -1.0918517479e-10
3.1018 -1.03512184935e-10
3.1044 -9.48910811038e-11
3.1069999999999998 -8.3794512995e-11
3.1096 -7.08283848239e-11
3.1122 -5.67025176812e-11
3.1148 -4.21842560883e-11
3.1174 -2.80434009348e-11
3.1199999999999997 -1.50042894775e-11
3.1226 -3.68334182599e-12
3.1252 5.44703431665e-12
3.1277999999999997 1.21039202966e-11
3.1304 1.62060503905e-11
3.133 1.78818904129e-11
3.1355999999999997 1.74524283914e-11
3.1382 1.54017493204e-11
3.1408 1.23315550479e-11
3.1433999999999997 8.90871751369e-12
3.146 5.8054325236e-12
3.1486 3.64483963844e-12
3.1512 2.94729084888e-12
3.1538 4.09119526451e-12
3.1563999999999997 7.28436581887e-12
3.159 1.2550396486e-11
3.1616 1.97296207149e-11
3.1641999999999997 2.84960804953e-11
3.1668 3.83808540505e-11
3.1694 4.88079437977e-11
3.1719999999999997 5.91366677849e-11
3.1746 6.86986162401e-11
3.1772 7.68455160616e-11
3.1797999999999997 8.2979734195e-11
3.1824 8.65950366968e-11
3.185 8.72983629829e-11
3.1875999999999998 8.48335707238e-11
3.1902 7.90943699425e-11
3.1927999999999996 7.01323166208e-11
3.1954 5.81543840861e-11
3.198 4.35213670658e-11
3.2005999999999997 2.6725996416e-11
3.2032 8.38580593854e-12
3.2058 -1.07981653133e-11
3.2083999999999997 -3.00594549252e-11
3.211 -4.86052170734e-11
3.2136 -6.5662864035e-11
3.2161999999999997 -8.05051580954e-11
3.2188 -9.24990084528e-11
3.2214 -1.01130867569e-10
3.2239999999999998 -1.06038081094e-10
3.2266 -1.07027914309e-10
3.2292 -1.04086170238e-10
3.2318 -9.73774394453e-11
3.2344 -8.72391742179e-11
3.2369999999999997 -7.41581934749e-11
3.2396 -5.87537518637e-11
3.2422 -4.1739930956e-11
3.2447999999999997 -2.3899909829e-11
3.2474 -6.0488454523e-12
3.25 1.10042027573e-11
3.2525999999999997 2.64806926387e-11
3.2552 3.96748744969e-11
3.2578 4.99704166934e-11
3.2603999999999997 5.68790847755e-11
3.263 6.00555022379e-11
3.2656 5.9322269319e-11
3.2681999999999998 5.46847567229e-11
3.2708 4.63422078489e-11
3.2733999999999996 3.46885159486e-11
3.276 2.0309795512e-11
3.2786 3.96705151368e-12
3.2811999999999997 -1.34360231274e-11
3.2838 -3.08845726771e-11
3.2864 -4.73151517966e-11
3.2889999999999997 -6.16615924987e-11
3.2916 -7.29359628249e-11
3.2942 -8.02840016689e-11
3.2967999999999997 -8.30572000066e-11
3.2994 -8.08635935989e-11
3.302 -7.36117417022e-11
3.3045999999999998 -6.15299061701e-11
3.3072 -4.51709086802e-11
3.3097999999999996 -2.53794207872e-11
3.3124 -3.25689388653e-12
3.315 1.99139316148e-11
3.3175999999999997 4.27599622377e-11
3.3202 6.38958885801e-11
3.3228 8.20433443405e-11
3.3253999999999997 9.61068308269e-11
3.328 1.05266975692e-10
3.3306 1.09033712614e-10
3.3331999999999997 1.07286290962e-10
3.3358 1.00278160775e-10
3.3384 8.86161699576e-11
3.3409999999999997 7.32042620966e-11
3.3436 5.51793055692e-11
3.3462 3.58055113336e-11
3.3487999999999998 1.63882102333e-11
3.3514 -1.83967077683e-12
3.3539999999999996 -1.7799997587e-11
3.3566 -3.06493580515e-11
3.3592 -3.98332200557e-11
3.3617999999999997 -4.51059051221e-11
3.3644 -4.65313898523e-11
3.367 -4.44530245947e-11
3.3695999999999997 -3.94420746064e-11
3.3722 -3.22284698928e-11
3.3748 -2.36300007339e-11
3.3773999999999997 -1.44706703217e-11
3.38 -5.5197599963e-12
3.3826 2.56787386493e-12
3.3851999999999998 9.28353140889e-12
3.3878 1.42838570832e-11
3.3903999999999996 1.73902003908e-11
3.393 1.85704229771e-11
3.3956 1.79141423917e-11
3.3981999999999997 1.56011314978e-11
3.4008 1.18704889668e-11
3.4034 6.99688657707e-12
3.4059999999999997 1.27104229919e-12
3.4086 -5.00714747442e-12
3.4112 -1.15311328194e-11
3.4137999999999997 -1.79865844441e-11
3.4164 -2.40455849676e-11
3.419 -2.93684798702e-11
3.4215999999999998 -3.3611974315e-11
3.4242 -3.64425850607e-11
3.4267999999999996 -3.75635772487e-11
3.4294 -3.6743746934e-11
3.432 -3.38518518772e-11
3.4345999999999997 -2.88875590115e-11
3.4372 -2.2002399902e-11
3.4398 -1.3510875578e-11
3.4423999999999997 -3.88209343144e-12
3.445 6.28874122915e-12
3.4476 1.63188490498e-11
3.4501999999999997 2.55014204198e-11
3.4528 3.31620148009e-11
3.4554 3.87317400374e-11
3.4579999999999997 4.17984397094e-11
3.4606 4.21529894323e-11
3.4632 3.98120425515e-11
3.4657999999999998 3.50180162645e-11
3.4684 2.82148193698e-11
3.4709999999999996 2.00057609367e-11
3.4736 1.10931749897e-11
3.4762 2.20743562318e-12
3.4787999999999997 -5.95855049329e-12
3.4814 -1.28186359097e-11
3.484 -1.79376374865e-11
3.4865999999999997 -2.10706452286e-11
3.4892 -2.21712925796e-11
3.4918 -2.13870726684e-11
3.4943999999999997 -1.90330112781e-11
3.497 -1.55530172075e-11
3.4996 -1.14702830567e-11
3.5021999999999998 -7.33721763901e-12
3.5048 -3.68268610051e-12
3.5073999999999996 -9.7107738517e-13
3.51 4.35799400039e-13
3.5126 3.00115509701e-13
3.5151999999999997 -1.4779193494e-12
3.5178 -4.85946959755e-12
3.5204 -9.67314856687e-12
3.5229999999999997 -1.5631662631e-11
3.5256 -2.23497886864e-11
3.5282 -2.93686464037e-11
3.5307999999999997 -3.61830287954e-11
3.5334 -4.22647472575e-11
3.536 -4.70943839481e-11
3.5385999999999997 -5.01840097256e-11
3.5412 -5.11087561161e-11
3.5437999999999996 -4.9530352042e-11
3.5463999999999998 -4.52227422176e-11
3.549 -3.80937642541e-11
3.5515999999999996 -2.82027456944e-11
3.5542 -1.57679980184e-11
3.5568 -1.17459254129e-12
3.5593999999999997 1.50420093048e-11
3.562 3.22031290523e-11
3.5646 4.9522372314e-11
3.5671999999999997 6.61484755859e-11
3.5698 8.11992834082e-11
3.5724 9.38290417585e-11
3.5749999999999997 1.03269240381e-10
3.5776 1.08888717487e-10
3.5802 1.1023307267e-10
3.5827999999999998 1.07062428367e-10
3.5854 9.93705256969e-11
3.5879999999999996 8.73932454182e-11
3.5906 7.15921766314e-11
3.5932 5.2639365089e-11
3.5957999999999997 3.13635367677e-11
3.5984 8.71504170913e-12
3.601 -1.43043805967e-11
3.6035999999999997 -3.6689526417e-11
3.6062 -5.74932046415e-11
3.6088 -7.58805240864e-11
3.6113999999999997 -9.11611203191e-11
3.614 -1.02822694803e-10
3.6166 -1.10547834775e-10
3.6191999999999998 -1.14210654822e-10
3.6218 -1.13870662899e-10
3.6243999999999996 -1.09749251354e-10
3.627 -1.02200747865e-10
3.6296 -9.16814540952e-11
3.6321999999999997 -7.87103715538e-11
3.6348 -6.3840502329e-11
3.6374 -4.76277073336e-11
3.6399999999999997 -3.06037695186e-11
3.6426 -1.32682129173e-11
3.6452 3.93187565839e-12
3.6477999999999997 2.05895023253e-11
3.6504 3.63502006273e-11
3.653 5.08910552588e-11
3.6555999999999997 6.39233527222e-11
3.6582 7.51778916896e-11
3.6608 8.44045527915e-11
3.6633999999999998 9.13746439624e-11
3.666 9.58837731435e-11
3.6685999999999996 9.77668224156e-11
3.6712 9.69146984886e-11
3.6738 9.32938587495e-11
3.6763999999999997 8.69651017865e-11
3.679 7.81038428377e-11
3.6816 6.70046657048e-11
3.6841999999999997 5.40893996259e-11
3.6868 3.98898275522e-11
3.6894 2.50314075023e-11
3.6919999999999997 1.01968164815e-11
3.6946 -3.920758683e-12
3.6972 -1.66598818074e-11
3.6997999999999998 -2.74509165399e-11
3.7024 -3.58528207123e-11
3.7049999999999996 -4.16010975668e-11
3.7076 -4.46248732411e-11
3.7102 -4.50580683875e-11
3.7127999999999997 -4.32277547091e-11
3.7154 -3.96246646606e-11
3.718 -3.48575751596e-11
3.7205999999999997 -2.95980184806e-11
3.7232 -2.45171660751e-11
3.7258 -2.02223099377e-11
3.7283999999999997 -1.72034886337e-11
3.731 -1.57875518214e-11
3.7336 -1.6113152479e-11
3.7361999999999997 -1.81212267414e-11
3.7388 -2.15659295977e-11
3.7413999999999996 -2.60438198785e-11
3.7439999999999998 -3.10346609522e-11
3.7466 -3.59531987515e-11
3.7491999999999996 -4.02052835469e-11
3.7518 -4.32385655058e-11
3.7544 -4.45912751168e-11
3.7569999999999997 -4.39258074358e-11
3.7596 -4.10527445371e-11
3.7622 -3.5939695664e-11
3.7647999999999997 -2.87091184159e-11
3.7674 -1.96198890468e-11
3.77 -9.05014604924e-12
3.7725999999999997 2.53594280991e-12
3.7752 1.46127276945e-11
3.7778 2.66238697755e-11
3.7803999999999998 3.80112469278e-11
3.783 4.82320988704e-11
3.7855999999999996 5.67857011413e-11
3.7882 6.32216223817e-11
3.7908 6.7161942674e-11
3.7933999999999997 6.83085948916e-11
3.796 6.64593241551e-11
3.7986 6.15189427178e-11
3.8011999999999997 5.35124722312e-11
3.8038 4.25926516279e-11
3.8064 2.90515389523e-11
3.8089999999999997 1.33145404424e-11
3.8116 -4.05475132637e-12
3.8142 -2.2373686237e-11
3.8167999999999997 -4.08680173036e-11
3.8194 -5.86897475063e-11
3.8219999999999996 -7.49740269868e-11
3.8245999999999998 -8.88703277635e-11
3.8272 -9.9603283954e-11
3.8297999999999996 -1.0651481086e-10
3.8324 -1.09114134395e-10
3.835 -1.07115843972e-10
3.8375999999999997 -1.00467717479e-10
3.8402 -8.93631835197e-11
3.8428 -7.42475386728e-11
3.8453999999999997 -5.57920376565e-11
3.848 -3.48743950385e-11
3.8506 -1.25224388151e-11
3.8531999999999997 1.01322240528e-11
3.8558 3.19225895717e-11
3.8583999999999996 5.17191151017e-11
3.8609999999999998 6.84876461099e-11
3.8636 8.13657613508e-11
3.8661999999999996 8.97057150784e-11
3.8688 9.31263122173e-11
3.8714 9.15383879807e-11
3.8739999999999997 8.51544945668e-11
3.8766 7.44792283403e-11
3.8792 6.02861788268e-11
3.8817999999999997 4.35670943766e-11
3.8844 2.54779808362e-11
3.887 7.26473048385e-12
3.8895999999999997 -9.820498581e-12
3.8922 -2.45923420517e-11
3.8948 -3.6022101968e-11
3.8973999999999998 -4.3296824459e-11
3.9 -4.58872384534e-11
3.9025999999999996 -4.35806529753e-11
3.9052 -3.65027452709e-11
3.9078 -2.51138693175e-11
3.9103999999999997 -1.01832370661e-11
3.913 7.26416496399e-12
3.9156 2.60089727533e-11
3.9181999999999997 4.47225451117e-11
3.9208 6.20627021997e-11
3.9234 7.67592794881e-11
3.9259999999999997 8.77153211176e-11
3.9286 9.40755667811e-11
3.9312 9.52988937764e-11
3.9337999999999997 9.11930669867e-11
3.9364 8.19317669265e-11
3.9389999999999996 6.80435707778e-11
3.9415999999999998 5.03743297076e-11
3.9442 3.00200558856e-11
3.9467999999999996 8.25540677485e-12
3.9494 -1.35735632803e-11
3.952 -3.41297823336e-11
3.9545999999999997 -5.22004384162e-11
3.9572 -6.67643440533e-11
3.9598 -7.70716268583e-11
3.9623999999999997 -8.26805152121e-11
3.965 -8.34809443795e-11
3.9676 -7.96865767816e-11
3.9701999999999997 -7.18035630953e-11
3.9728 -6.05804989506e-11
3.9753999999999996 -4.69384808799e-11
3.9779999999999998 -3.19024667794e-11
3.9806 -1.65154140364e-11
3.9831999999999996 -1.77880887103e-12
3.9858 1.14234854215e-11
3.9884 2.23612517392e-11
3.9909999999999997 3.04995889655e-11
3.9936 3.55091928084e-11
3.9962 3.72705061258e-11
3.9987999999999997 3.58610363627e-11
4.001399999999999 3.15328041456e-11
4.004 2.46816039828e-11
4.0066 1.58176111098e-11
4.0092 5.52439777951e-12
4.0118 -5.569656715e-12
4.0144 -1.68251246269e-11
4.0169999999999995 -2.76271228117e-11
4.0196 -3.74042880003e-11
4.0222 -4.56601978449e-11
4.0248 -5.19891768525e-11
4.0274 -5.60960167206e-11
4.03 -5.78086883918e-11
4.0325999999999995 -5.70841984793e-11
4.0352 -5.40100464352e-11
4.0378 -4.87993118137e-11
4.0404 -4.17745699144e-11
4.043 -3.33512384376e-11
4.045599999999999 -2.40068798174e-11
4.0482 -1.42541846382e-11
4.0508 -4.60623379717e-12
4.0534 4.45802509491e-12
4.056 1.25183986441e-11
4.0586 1.92427185297e-11
4.0611999999999995 2.43966236102e-11
4.0638 2.78545797538e-11
4.0664 2.95975188802e-11
4.069 2.9700936155e-11
4.0716 2.83201240237e-11
4.074199999999999 2.56692167522e-11
4.0767999999999995 2.19987084105e-11
4.0794 1.75755798804e-11
4.082 1.26652750787e-11
4.0846 7.51735219212e-12
4.0872 2.3600678703e-12
4.089799999999999 -2.60603691404e-12
4.0924 -7.2029222864e-12
4.095 -1.12762212762e-11
4.0976 -1.46873069262e-11
4.1002 -1.73131509129e-11
4.1028 -1.90438081971e-11
4.1053999999999995 -1.97858535111e-11
4.108 -1.9468010537e-11
4.1106 -1.80491038781e-11
4.1132 -1.55273433e-11
4.1158 -1.19505880886e-11
4.118399999999999 -7.42323737202e-12
4.1209999999999996 -2.10832913627e-12
4.1236 3.7700164171e-12
4.1262 9.9383661023e-12
4.1288 1.60818580675e-11
4.1314 2.18659951257e-11
4.1339999999999995 2.69552991039e-11
4.1366 3.1038602244e-11
4.1392 3.38536698674e-11
4.1418 3.52074341903e-11
4.1444 3.49955203705e-11
4.147 3.32135707826e-11
4.1495999999999995 2.99620606103e-11
4.1522 2.54448545567e-11
4.1548 1.99566890791e-11
4.1574 1.38673378336e-11
4.16 7.59616414908e-12
4.162599999999999 1.58568731062e-12
4.1652 -3.73506520851e-12
4.1678 -7.97419855841e-12
4.1704 -1.08105703209e-11
4.173 -1.20182258243e-11
4.1756 -1.14848252436e-11
4.1781999999999995 -9.22217944371e-12
4.1808 -5.36925278544e-12
4.1834 -1.85457768934e-13
4.186 5.96384400198e-12
4.1886 1.26297453398e-11
4.191199999999999 1.93136062698e-11
4.1937999999999995 2.54920251574e-11
4.1964 3.06584896359e-11
4.199 3.43560735416e-11
4.2016 3.62123109277e-11
4.2042 3.59630519808e-11
4.206799999999999 3.34758887277e-11
4.2094 2.87622425876e-11
4.212 2.19813889313e-11
4.2146 1.34282784545e-11
4.2172 3.52606832621e-12
4.2198 -7.20487124822e-12
4.2223999999999995 -1.81751697026e-11
4.225 -2.87708468161e-11
4.2276 -3.83820059069e-11
4.2302 -4.64497329489e-11
4.2328 -5.2499865566e-11
4.235399999999999 -5.61747454109e-11
4.2379999999999995 -5.72574765378e-11
4.2406 -5.56811402541e-11
4.2432 -5.15350956354e-11
4.2458 -4.50557091636e-11
4.2484 -3.66112279382e-11
4.2509999999999994 -2.66679039962e-11
4.2536 -1.57680535295e-11
4.2562 -4.48950859128e-12
4.2588 6.59094393646e-12
4.2614 1.69288888463e-11
4.264 2.60491767046e-11
4.2665999999999995 3.3559585666e-11
4.2692 3.91748716799e-11
4.2718 4.2723449778e-11
4.2744 4.41530284556e-11
4.277 4.35215335992e-11
4.279599999999999 4.09910022592e-11
4.2822 3.68125807615e-11
4.2848 3.1310343207e-11
4.2874 2.4858115566e-11
4.29 1.78642101112e-11
4.2926 1.07464610127e-11
4.2951999999999995 3.91229583452e-12
4.2978 -2.2621106377e-12
4.3004 -7.4554095536e-12
4.303 -1.14110474542e-11
4.3056 -1.39575625363e-11
4.308199999999999 -1.50170986757e-11
4.3107999999999995 -1.46114509381e-11
4.3134 -1.28604019795e-11
4.316 -9.97568520844e-12
4.3186 -6.24759965984e-12
4.3212 -2.02593757742e-12
4.323799999999999 2.30741988017e-12
4.3264 6.36053362757e-12
4.329 9.76383383866e-12
4.3316 1.21957504859e-11
4.3342 1.34078477487e-11
4.3368 1.32402960124e-11
4.3393999999999995 1.16342708037e-11
4.342 8.6342816577e-12
4.3446 4.38227752697e-12
4.3472 -8.94354956846e-13
4.3498 -6.90558721317e-12
4.352399999999999 -1.3316707112e-11
4.3549999999999995 -1.97768468269e-11
4.3576 -2.59408883263e-11
4.3602 -3.14970827198e-11
4.3628 -3.61769780799e-11
4.3654 -3.97722826895e-11
4.367999999999999 -4.21410545348e-11
4.3706 -4.32082009061e-11
4.3732 -4.29626473286e-11
4.3758 -4.14492051792e-11
4.3784 -3.87603005247e-11
4.381 -3.5026745393e-11
4.3835999999999995 -3.04046787747e-11
4.3862 -2.50713061423e-11
4.3888 -1.92156984768e-11
4.3914 -1.30327762471e-11
4.394 -6.72027797993e-12
4.396599999999999 -4.70372438915e-13
4.3991999999999996 5.52835641848e-12
4.4018 1.10999161251e-11
4.4044 1.60848001585e-11
4.407 2.03464051163e-11
4.4096 2.377989472e-11
4.4121999999999995 2.63130350842e-11
4.4148 2.79144624082e-11
4.4174 2.85943907441e-11
4.42 2.84037238174e-11
4.4226 2.74286565682e-11
4.425199999999999 2.57828619565e-11
4.4277999999999995 2.35963193429e-11
4.4304 2.10027273351e-11
4.433 1.81243353659e-11
4.4356 1.50638668206e-11
4.4382 1.18940577873e-11
4.440799999999999 8.65511134984e-12
4.4434 5.35825290388e-12
4.446 1.99101152232e-12
4.4486 -1.46524199024e-12
4.4512 -5.02058984664e-12
4.4538 -8.65848885645e-12
4.4563999999999995 -1.23184474773e-11
4.459 -1.58867502487e-11
4.4616 -1.9188220457e-11
4.4642 -2.19928936174e-11
4.4668 -2.40288483555e-11
4.469399999999999 -2.50071491292e-11
4.4719999999999995 -2.46495740486e-11
4.4746 -2.27252661134e-11
4.4772 -1.90853999271e-11
4.4798 -1.36953269905e-11
4.4824 -6.6537790902e-12
4.484999999999999 1.79086866864e-12
4.4876 1.12474873165e-11
4.4902 2.11991812993e-11
4.4928 3.10365760869e-11
4.4954 4.01100958003e-11
4.498 4.77717448932e-11
4.5005999999999995 5.34412097908e-11
4.5032 5.66568875149e-11
4.5058 5.71238889524e-11
4.5084 5.47437234433e-11
4.511 4.96325897048e-11
4.513599999999999 4.21184198629e-11
4.5161999999999995 3.27198684813e-11
4.5188 2.20997109501e-11
4.5214 1.10239699314e-11
4.524 2.91286146679e-13
4.5266 -9.32777466378e-12
4.5291999999999994 -1.71593295129e-11
4.5318 -2.26704488515e-11
4.5344 -2.55166859864e-11
4.537 -2.55646337433e-11
4.5396 -2.2899127039e-11
4.542199999999999 -1.78124459627e-11
4.5447999999999995 -1.07730395785e-11
4.5474 -2.38981664319e-12
4.55 6.64117372207e-12
4.5526 1.55880031105e-11
4.5552 2.37457137287e-11
4.557799999999999 3.04748448698e-11
4.5604 3.52498863432e-11
4.563 3.76895459286e-11
4.5656 3.7575137446e-11
4.5682 3.48564233033e-11
4.5708 2.96462993044e-11
4.5733999999999995 2.22053347931e-11
4.576 1.29210062788e-11
4.5786 2.2700469976e-12
4.5812 -9.20181118802e-12
4.5838 -2.0917712007e-11
4.586399999999999 -3.23007315339e-11
4.5889999999999995 -4.27989588214e-11
4.5916 -5.1916873578e-11
4.5942 -5.92255133824e-11
4.5968 -6.43859410232e-11
4.5994 -6.71596944724e-11
4.601999999999999 -6.74185846039e-11
4.6046 -6.51490805748e-11
4.6072 -6.04539057703e-11
4.6098 -5.35500394028e-11
4.6124 -4.47632625411e-11
4.615 -3.45102557642e-11
4.6175999999999995 -2.3290425144e-11
4.6202 -1.16578300832e-11
4.6228 -1.96908732809e-13
4.6254 1.05084413393e-11
4.628 1.99150002045e-11
4.630599999999999 2.75406503158e-11
4.6331999999999995 3.30059035658e-11
4.6358 3.60575735936e-11
4.6384 3.65887736775e-11
4.641 3.4649963454e-11
4.6436 3.04477276725e-11
4.646199999999999 2.4334964599e-11
4.6488 1.67873909218e-11
4.6514 8.37310342588e-12
4.654 -2.92937115537e-13
4.6566 -8.58487760047e-12
4.6592 -1.59170870928e-11
4.6617999999999995 -2.17840467887e-11
4.6644 -2.5802388004e-11
4.667 -2.77307760088e-11
4.6696 -2.74907041575e-11
4.6722 -2.51683951458e-11
4.674799999999999 -2.10052114591e-11
4.6774 -1.53721757545e-11
4.68 -8.74142078167e-12
4.6826 -1.64346834752e-12
4.6852 5.37406751044e-12
4.6878 1.17970234276e-11
4.6903999999999995 1.71760800027e-11
4.693 2.11650280635e-11
4.6956 2.35437364049e-11
4.6982 2.4229340756e-11
4.7008 2.32763391894e-11
4.703399999999999 2.08638661903e-11
4.7059999999999995 1.72742375959e-11
4.7086 1.28631723328e-11
4.7112 8.02558800667e-12
4.7138 3.15623395475e-12
4.7164 -1.37791254101e-12
4.718999999999999 -5.2706910017e-12
4.7216 -8.29580935197e-12
4.7242 -1.03205595112e-11
4.7268 -1.13048728365e-11
4.7294 -1.1296237383e-11
4.732 -1.04141383017e-11
4.7345999999999995 -8.82977805455e-12
4.7372 -6.74113542765e-12
4.7398 -4.35163276941e-12
4.7424 -1.84802347036e-12
4.745 6.14726151926e-13
4.747599999999999 2.92162388033e-12
4.7501999999999995 5.00131446673e-12
4.7528 6.81781454209e-12
4.7554 8.36127087706e-12
4.758 9.63346503263e-12
4.7606 1.06323404941e-11
4.763199999999999 1.13395638365e-11
4.7658 1.17109247647e-11
4.7684 1.16747982809e-11
4.771 1.11372291597e-11
4.7736 9.99365954574e-12
4.7762 8.14749309686e-12
4.7787999999999995 5.53157866734e-12
4.7814 2.12987873865e-12
4.784 -2.00269228284e-12
4.7866 -6.73050937899e-12
4.7892 -1.1829494849e-11
4.791799999999999 -1.69967651065e-11
4.7943999999999996 -2.18672996377e-11
4.797 -2.60417798437e-11
4.7996 -2.91241336603e-11
4.8022 -3.07554537393e-11
4.8048 -3.06562553121e-11
4.8073999999999995 -2.86593110355e-11
4.81 -2.47328546532e-11
4.8126 -1.89951387952e-11
4.8152 -1.1711932639e-11
4.8178 -3.28213237838e-12
4.820399999999999 5.79024848901e-12
4.8229999999999995 1.49413814654e-11
4.8256 2.35814701099e-11
4.8282 3.11504294581e-11
4.8308 3.71589009562e-11
4.8334 4.12297279651e-11
4.835999999999999 4.31192720418e-11
4.8386 4.27361479538e-11
4.8412 4.01413347006e-11
4.8438 3.55361295945e-11
4.8464 2.92402074775e-11
4.849 2.16558299071e-11
4.8515999999999995 1.32377529077e-11
4.8542 4.45183646891e-12
4.8568 -4.256327929e-12
4.8594 -1.24987676459e-11
4.862 -1.99556343672e-11
4.864599999999999 -2.63936095202e-11
4.8671999999999995 -3.16681542101e-11
4.8698 -3.57161522579e-11
4.8724 -3.85452919582e-11
4.875 -4.02119310072e-11
4.8776 -4.08031108901e-11
4.880199999999999 -4.04154210099e-11
4.8828 -3.91363608188e-11
4.8854 -3.7031183675e-11
4.888 -3.41354028377e-11
4.8906 -3.04535979767e-11
4.8932 -2.59661181445e-11
4.8957999999999995 -2.06377276379e-11
4.8984 -1.44381642059e-11
4.901 -7.35800483043e-12
4.9036 5.70567681643e-13
4.9062 9.25590593753e-12
4.908799999999999 1.85400028663e-11
4.9113999999999995 2.81806106228e-11
4.914 3.78597153627e-11
4.9166 4.71883643272e-11
4.9192 5.57300317006e-11
4.9218 6.3016175611e-11
4.9243999999999994 6.85832363123e-11
4.927 7.20050685743e-11
4.9296 7.29294680202e-11
4.9322 7.11111447504e-11
4.9348 6.64393956518e-11
4.937399999999999 5.89596704792e-11
4.9399999999999995 4.88832307965e-11
4.9426 3.65896202226e-11
4.9452 2.2601545635e-11
4.9478 7.57441678823e-12
4.9504 -7.74707555051e-12
4.952999999999999 -2.25730129033e-11
4.9556 -3.61132929116e-11
4.9582 -4.7636838918e-11
4.9608 -5.65060914726e-11
4.9634 -6.22286805418e-11
4.966 -6.44877762301e-11
4.9685999999999995 -6.31664998085e-11
4.9712 -5.83537801413e-11
4.9738 -5.03439373523e-11
4.9764 -3.96182531226e-11
4.979 -2.68190192276e-11
4.981599999999999 -1.27023756097e-11
4.9841999999999995 1.89452967203e-12
4.9868 1.61118618447e-11
4.9894 2.91144192088e-11
4.992 4.01408767337e-11
4.9946 4.8553966403e-11
4.997199999999999 5.38632888292e-11
4.9998 5.57617840791e-11
5.0024 5.41379580055e-11
5.005 4.90774920703e-11
5.0076 4.08558326059e-11
5.0102 2.99170549445e-11
5.0127999999999995 1.6844997619e-11
5.0154 2.32644632725e-12
5.018 -1.29026147405e-11
5.0206 -2.80838963196e-11
5.0232 -4.24947299571e-11
5.025799999999999 -5.54822299215e-11
5.0283999999999995 -6.65058841332e-11
5.031 -7.51498863139e-11
5.0336 -8.11471861928e-11
5.0362 -8.43807523854e-11
5.0388 -8.48785902674e-11
5.041399999999999 -8.27968110739e-11
5.044 -7.83964143602e-11
5.0466 -7.20152132372e-11
5.0492 -6.40366648597e-11
5.0518 -5.48622258734e-11
5.054399999999999 -4.48756032334e-11
5.0569999999999995 -3.4431915652e-11
5.0596 -2.38368352834e-11
5.0622 -1.33389193788e-11
5.0648 -3.13247604938e-12
5.0674 6.64282864826e-12
5.069999999999999 1.58803942218e-11
5.0725999999999996 2.44991110732e-11
5.0752 3.2424077312e-11
5.0778 3.9580227984e-11
5.0804 4.58721671759e-11
5.083 5.11847370044e-11
5.0855999999999995 5.53827539385e-11
5.0882 5.83163795032e-11
5.0908 5.98343874447e-11
5.0934 5.9796959051e-11
5.096 5.80956394103e-11
5.098599999999999 5.46713785354e-11
5.1011999999999995 4.95320034988e-11
5.1038 4.27610447051e-11
5.1064 3.45321826689e-11
5.109 2.51060977563e-11
5.1116 1.48281248391e-11
5.114199999999999 4.10862836808e-12
5.1168 -6.5859036974e-12
5.1194 -1.67642427717e-11
5.122 -2.59359894672e-11
5.1246 -3.36422001368e-11
5.1272 -3.94898974632e-11
5.1297999999999995 -4.31704255677e-11
5.1324 -4.44896203211e-11
5.135 -4.33824920432e-11
5.1376 -3.99207888968e-11
5.1402 -3.43138295555e-11
5.142799999999999 -2.68983446627e-11
5.1453999999999995 -1.8120727141e-11
5.148 -8.5091534513e-12
5.1506 1.35706029747e-12
5.1532 1.08912566466e-11
5.1558 1.95283650362e-11
5.158399999999999 2.67690591915e-11
5.161 3.22098875349e-11
5.1636 3.55749735226e-11
5.1662 3.67267882773e-11
5.1688 3.56786683531e-11
5.171399999999999 3.25906246434e-11
5.1739999999999995 2.7756463794e-11
5.1766 2.15772955059e-11
5.1792 1.45356868902e-11
5.1818 7.15679945862e-12
5.1844 -2.6658027592e-14
5.186999999999999 -6.51823820613e-12
5.1895999999999995 -1.18820881953e-11
5.1922 -1.57755336572e-11
5.1948 -1.79679188195e-11
5.1974 -1.8350418407e-11
5.2 -1.69478181489e-11
