t                         x y
0.0                       0 0.0
0.0026                    1 0.0
0.0052                    2 0.0
0.0078                    3 0.0
0.0104                    4 0.0
0.013                     5 0.0
0.0156                    6 0.0
0.0182                    7 0.0
0.0208                    8 0.0
0.023399999999999997      9 0.0
0.026                     10 0.0
0.0286                    11 0.0
0.0312                    12 0.0
0.0338                    13 0.0
0.0364                    14 0.0
0.039                     15 0.0
0.0416                    16 0.0
0.044199999999999996      17 0.0
0.046799999999999994      18 0.0
0.0494                    19 0.0
0.052                     20 0.0
0.054599999999999996      21 0.0
0.0572                    22 0.0
0.0598                    23 0.0
0.0624                    24 0.0
0.065                     25 0.0
0.0676                    26 0.0
0.0702                    27 0.0
0.0728                    28 0.0
0.0754                    29 0.0
0.078                     30 0.0
0.08059999999999999       31 0.0
0.0832                    32 0.0
0.0858                    33 0.0
0.08839999999999999       34 0.0
0.091                     35 0.0
0.09359999999999999       36 0.0
0.0962                    37 0.0
0.0988                    38 0.0
0.10139999999999999       39 0.0
0.104                     40 0.0
0.1066                    41 0.0
0.10919999999999999       42 0.0
0.1118                    43 0.0
0.1144                    44 0.0
0.11699999999999999       45 0.0
0.1196                    46 0.0
0.12219999999999999       47 0.0
0.1248                    48 0.0
0.12739999999999999       49 0.0
0.13                      50 0.0
0.1326                    51 0.0
0.1352                    52 0.0
0.1378                    53 0.0
0.1404                    54 0.0
0.143                     55 0.0
0.1456                    56 0.0
0.1482                    57 0.0
0.1508                    58 0.0
0.15339999999999998       59 0.0
0.156                     60 0.0
0.1586                    61 0.0
0.16119999999999998       62 0.0
0.1638                    63 0.0
0.1664                    64 0.0
0.16899999999999998       65 0.0
0.1716                    66 0.0
0.1742                    67 0.0
0.17679999999999998       68 0.0
0.1794                    69 0.0
0.182                     70 0.0
0.1846                    71 0.0
0.18719999999999998       72 0.0
0.1898                    73 0.0
0.1924                    74 0.0
0.19499999999999998       75 0.0
0.1976                    76 0.0
0.2002                    77 0.0
0.20279999999999998       78 0.0
0.2054                    79 0.0
0.208                     80 0.0
0.21059999999999998       81 0.0
0.2132                    82 0.0
0.2158                    83 0.0
0.21839999999999998       84 0.0
0.221                     85 0.0
0.2236                    86 0.0
0.22619999999999998       87 0.0
0.2288                    88 0.0
0.2314                    89 0.0
0.23399999999999999       90 0.0
0.23659999999999998       91 0.0
0.2392                    92 0.0
0.2418                    93 0.0
0.24439999999999998       94 0.0
0.247                     95 0.0
0.2496                    96 0.0
0.2522                    97 0.0
0.25479999999999997       98 0.0
0.25739999999999996       99 0.0
0.26                      100 0.0
0.2626                    101 0.0
0.2652                    102 0.0
0.2678                    103 0.0
0.2704                    104 0.0
0.27299999999999996       105 0.0
0.2756                    106 0.0
0.2782                    107 0.0
0.2808                    108 0.0
0.2834                    109 0.0
0.286                     110 0.0
0.28859999999999997       111 0.0
0.2912                    112 0.0
0.2938                    113 0.0
0.2964                    114 0.0
0.299                     115 0.0
0.3016                    116 0.0
0.30419999999999997       117 0.0
0.30679999999999996       118 0.0
0.3094                    119 0.0
0.312                     120 0.0
0.3146                    121 0.0
0.3172                    122 0.0
0.3198                    123 0.0
0.32239999999999996       124 0.0
0.325                     125 0.0
0.3276                    126 0.0
0.3302                    127 0.0
0.3328                    128 0.0
0.3354                    129 0.0
0.33799999999999997       130 0.0
0.34059999999999996       131 0.0
0.3432                    132 0.0
0.3458                    133 0.0
0.3484                    134 0.0
0.351                     135 0.0
0.35359999999999997       136 0.0
0.35619999999999996       137 0.0
0.3588                    138 0.0
0.3614                    139 0.0
0.364                     140 0.0
0.3666                    141 0.0
0.3692                    142 0.0
0.37179999999999996       143 0.0
0.37439999999999996       144 0.0
0.377                     145 0.0
0.3796                    146 0.0
0.3822                    147 0.0
0.3848                    148 0.0
0.38739999999999997       149 0.0
0.38999999999999996       150 0.0
0.3926                    151 0.0
0.3952                    152 0.0
0.3978                    153 0.0
0.4004                    154 0.0
0.40299999999999997       155 0.0
0.40559999999999996       156 0.0
0.4082                    157 0.0
0.4108                    158 0.0
0.4134                    159 0.0
0.416                     160 0.0
0.41859999999999997       161 0.0
0.42119999999999996       162 0.0
0.42379999999999995       163 0.0
0.4264                    164 0.0
0.429                     165 0.0
0.4316                    166 0.0
0.4342                    167 0.0
0.43679999999999997       168 0.0
0.43939999999999996       169 0.0
0.442                     170 0.0
0.4446                    171 0.0
0.4472                    172 0.0
0.4498                    173 0.0
0.45239999999999997       174 0.0
0.45499999999999996       175 0.0
0.4576                    176 0.0
0.4602                    177 0.0
0.4628                    178 0.0
0.4654                    179 0.0
0.46799999999999997       180 0.0
0.47059999999999996       181 0.0
0.47319999999999995       182 0.0
0.4758                    183 0.0
0.4784                    184 0.0
0.481                     185 0.0
0.4836                    186 0.0
0.48619999999999997       187 -2.3824058604105485e-24
0.48879999999999996       188 -9.698318083126173e-24
0.4914                    189 -2.237563253901205e-23
0.494                     190 -5.558494589552756e-23
0.4966                    191 -1.3821402754765398e-22
0.4992                    192 -3.4014213757939263e-22
0.5018                    193 -8.269336369877054e-22
0.5044                    194 -1.9851571685471815e-21
0.507                     195 -4.705210989965649e-21
0.5095999999999999        196 -1.1010397680847948e-20
0.5122                    197 -2.5436398830676487e-20
0.5147999999999999        198 -5.801343391800765e-20
0.5174                    199 -1.3062131351557069e-19
0.52                      200 -2.903382125476914e-19
0.5226                    201 -6.370755021582231e-19
0.5252                    202 -1.3799573725254296e-18
0.5277999999999999        203 -2.9506627742219438e-18
0.5304                    204 -6.227923113327524e-18
0.533                     205 -1.2975580055095461e-17
0.5356                    206 -2.668454311629472e-17
0.5382                    207 -5.4166553975594835e-17
0.5408                    208 -1.0852491570122011e-16
0.5434                    209 -2.146061750305225e-16
0.5459999999999999        210 -4.1884799373608874e-16
0.5486                    211 -8.067859080526738e-16
0.5512                    212 -1.5336742270614653e-15
0.5538                    213 -2.8771682957039973e-15
0.5564                    214 -5.326453111608477e-15
0.5589999999999999        215 -9.73047191149932e-15
0.5616                    216 -1.7540165923789507e-14
0.5641999999999999        217 -3.1197314397720974e-14
0.5668                    218 -5.4747299560288894e-14
0.5694                    219 -9.478657528811753e-14
0.572                     220 -1.6189911865585297e-13
0.5746                    221 -2.727900859662416e-13
0.5771999999999999        222 -4.533878431468803e-13
0.5798                    223 -7.432529936517144e-13
0.5824                    224 -1.2016958886044033e-12
0.585                     225 -1.9160469943338867e-12
0.5876                    226 -3.012524206229817e-12
0.5902                    227 -4.670065803307115e-12
0.5928                    228 -7.137307030645421e-12
0.5953999999999999        229 -1.0752526492892361e-11
0.598                     230 -1.5965830152562324e-11
0.6006                    231 -2.336204039564825e-11
0.6032                    232 -3.368170422103032e-11
0.6058                    233 -4.783635895795136e-11
0.6083999999999999        234 -6.691278827008843e-11
0.611                     235 -9.215963686628851e-11
0.6135999999999999        236 -1.2494869019151534e-10
0.6162                    237 -1.6670271277904366e-10
0.6188                    238 -2.1878238612125722e-10
0.6214                    239 -2.8232701720696956e-10
0.624                     240 -3.580476607952544e-10
0.6265999999999999        241 -4.4597730318896475e-10
0.6292                    242 -5.451907007326526e-10
0.6317999999999999        243 -6.535158683112451e-10
0.6344                    244 -7.672691205346368e-10
0.637                     245 -8.810545534124184e-10
0.6396                    246 -9.876750983556594e-10
0.6422                    247 -1.0782037719909992e-09
0.6447999999999999        248 -1.1422585923483172e-09
0.6474                    249 -1.168511459386646e-09
0.65                      250 -1.1454396759554865e-09
0.6526                    251 -1.0622996072553315e-09
0.6552                    252 -9.102676880831596e-10
0.6577999999999999        253 -6.836585749535364e-10
0.6604                    254 -3.810989177840883e-10
0.6629999999999999        255 -6.513795203069259e-12
0.6656                    256 4.302231973397099e-10
0.6682                    257 9.13111783812022e-10
0.6708                    258 1.4204196977784272e-09
0.6734                    259 1.9256967215569966e-09
0.6759999999999999        260 2.399385237305166e-09
0.6786                    261 2.8109282880988767e-09
0.6811999999999999        262 3.1312034641598985e-09
0.6838                    263 3.3350528186049207e-09
0.6864                    264 3.40364553632986e-09
0.689                     265 3.3264084279223193e-09
0.6916                    266 3.102292346384703e-09
0.6941999999999999        267 2.7402079902466284e-09
0.6968                    268 2.2585547728388427e-09
0.6994                    269 1.6838698206829142e-09
0.702                     270 1.048726587454853e-09
0.7046                    271 3.8909971047555816e-10
0.7071999999999999        272 -2.585275903565511e-10
0.7098                    273 -8.600131215948872e-10
0.7123999999999999        274 -1.3860759112943222e-09
0.715                     275 -1.8142496995795357e-09
0.7176                    276 -2.1301085319976578e-09
0.7202                    277 -2.327694627808189e-09
0.7228                    278 -2.4091720998529026e-09
0.7253999999999999        279 -2.3838129609236193e-09
0.728                     280 -2.2664841287722917e-09
0.7305999999999999        281 -2.0758396829197556e-09
0.7332                    282 -1.8324297195334354e-09
0.7358                    283 -1.5569183027071296e-09
0.7384                    284 -1.2685640586582199e-09
0.741                     285 -9.840657536437068e-10
0.7435999999999999        286 -7.168201363814569e-10
0.7462                    287 -4.765880236016248e-10
0.7487999999999999        288 -2.6952288593488387e-10
0.7514                    289 -9.848753350993187e-11
0.754                     290 3.6430035187267504e-11
0.7565999999999999        291 1.3729202602135614e-10
0.7592                    292 2.076588774722997e-10
0.7617999999999999        293 2.5197525294489815e-10
0.7644                    294 2.7503979090575073e-10
0.767                     295 2.8158460137675744e-10
0.7696                    296 2.759728731844154e-10
0.7722                    297 2.620090588877917e-10
0.7747999999999999        298 2.4284659037518147e-10
0.7774                    299 2.2097286184828497e-10
0.7799999999999999        300 1.9824968645942774e-10
0.7826                    301 1.7598868429929754e-10
0.7852                    302 1.5504410605484295e-10
0.7878                    303 1.3590952818018714e-10
0.7904                    304 1.188089373670768e-10
0.7929999999999999        305 1.0377643853773655e-10
0.7956                    306 9.072187168131046e-11
0.7981999999999999        307 7.948189235337982e-11
0.8008                    308 6.985757825814794e-11
0.8034                    309 6.164047538638788e-11
0.8059999999999999        310 5.4629338190042686e-11
0.8086                    311 4.8639802747916245e-11
0.8111999999999999        312 4.3508997881534666e-11
0.8138                    313 3.9096757477605576e-11
0.8164                    314 3.5284727798087916e-11
0.819                     315 3.19743174813156e-11
0.8216                    316 2.9084142820801817e-11
0.8241999999999999        317 2.654738694607559e-11
0.8268                    318 2.4309317539182057e-11
0.8293999999999999        319 2.2325086130790608e-11
0.832                     320 2.055785256468594e-11
0.8346                    321 1.8977230389014026e-11
0.8371999999999999        322 1.7558023364311155e-11
0.8398                    323 1.6279212375194448e-11
0.8423999999999999        324 1.5123150076469756e-11
0.845                     325 1.4074923562387532e-11
0.8475999999999999        326 1.3121850563119942e-11
0.8502                    327 1.2253080522333491e-11
0.8528                    328 1.1459277491516595e-11
0.8553999999999999        329 1.0732366665970616e-11
0.858                     330 1.0065330446833979e-11
0.8605999999999999        331 9.452043162620004e-12
0.8632                    332 8.887136123447375e-12
0.8658                    333 8.365886629696018e-12
0.8684                    334 7.884126039042056e-12
0.871                     335 7.438163115005039e-12
0.8735999999999999        336 7.024719724722712e-12
0.8762                    337 6.640876592348785e-12
0.8787999999999999        338 6.284027299280797e-12
0.8814                    339 5.951839092935459e-12
0.884                     340 5.642219351361856e-12
0.8865999999999999        341 5.353286772411505e-12
0.8892                    342 5.083346530305353e-12
0.8917999999999999        343 4.830868779021302e-12
0.8944                    344 4.594469991886874e-12
0.8969999999999999        345 4.3728967139176145e-12
0.8996                    346 4.165011374552226e-12
0.9022                    347 3.969779866090816e-12
0.9047999999999999        348 3.786260640205662e-12
0.9074                    349 3.613595113560888e-12
0.9099999999999999        350 3.450999205884674e-12
0.9126                    351 3.2977558601308064e-12
0.9152                    352 3.153208416786243e-12
0.9178                    353 3.0167547328550217e-12
0.9204                    354 2.8878419514508605e-12
0.9229999999999999        355 2.765961841552593e-12
0.9256                    356 2.650646637951756e-12
0.9281999999999999        357 2.5414653215173945e-12
0.9308                    358 2.4380202873955163e-12
0.9334                    359 2.339944355897318e-12
0.9359999999999999        360 2.2468980867111223e-12
0.9386                    361 2.158567361814581e-12
0.9411999999999999        362 2.074661207202223e-12
0.9438                    363 1.9949098269477595e-12
0.9463999999999999        364 1.919062826419523e-12
0.949                     365 1.846887604485118e-12
0.9516                    366 1.7781678964597315e-12
0.9541999999999999        367 1.7127024522993714e-12
0.9568                    368 1.6503038358116554e-12
0.9593999999999999        369 1.590797332574164e-12
0.962                     370 1.5340199556228484e-12
0.9645999999999999        371 1.4798195390499943e-12
0.9672                    372 1.4280539108768345e-12
0.9698                    373 1.3785901374794618e-12
0.9723999999999999        374 1.331303832572665e-12
0.975                     375 1.2860785247856882e-12
0.9775999999999999        376 1.2428050779938645e-12
0.9802                    377 1.2013811598373255e-12
0.9828                    378 1.1617107536368007e-12
0.9853999999999999        379 1.1237037099861136e-12
0.988                     380 1.0872753343174684e-12
0.9905999999999999        381 1.0523460072395206e-12
0.9932                    382 1.018840834721913e-12
0.9957999999999999        383 9.866893256102437e-13
0.9984                    384 9.55825093891381e-13
1.001                     385 9.261855838574855e-13
1.0036                    386 8.977118159437243e-13
1.0062                    387 8.703481516863179e-13
1.0088                    388 8.440420761191305e-13
1.0113999999999999        389 8.187439961835054e-13
1.014                     390 7.944070538637855e-13
1.0166                    391 7.709869527444736e-13
1.0191999999999999        392 7.484417971104371e-13
1.0218                    393 7.267319423667031e-13
1.0244                    394 7.058198560411659e-13
1.027                     395 6.856699884060078e-13
1.0295999999999998        396 6.662486521999624e-13
1.0322                    397 6.475239104085139e-13
1.0348                    398 6.294654718332808e-13
1.0373999999999999        399 6.120445935819332e-13
1.04                      400 5.952339901833583e-13
1.0426                    401 5.7900774864726e-13
1.0452                    402 5.633412491530597e-13
1.0477999999999998        403 5.482110909154372e-13
1.0504                    404 5.335950228285613e-13
1.053                     405 5.194718785789169e-13
1.0555999999999999        406 5.058215158937609e-13
1.0582                    407 4.92624759647143e-13
1.0608                    408 4.798633484949264e-13
1.0634                    409 4.675198848130455e-13
1.066                     410 4.555777879005442e-13
1.0686                    411 4.4402124979639747e-13
1.0712                    412 4.328351939301636e-13
1.0737999999999999        413 4.2200523635551006e-13
1.0764                    414 4.115176490567907e-13
1.079                     415 4.013593257566906e-13
1.0816                    416 3.91517749460811e-13
1.0842                    417 3.8198096206669196e-13
1.0868                    418 3.727375356983683e-13
1.0894                    419 3.6377654572754117e-13
1.0919999999999999        420 3.5508754534693185e-13
1.0946                    421 3.466605414937114e-13
1.0972                    422 3.384859722800878e-13
1.0997999999999999        423 3.305546856299447e-13
1.1024                    424 3.228579190887471e-13
1.105                     425 3.153872808086654e-13
1.1076                    426 3.0813473149466086e-13
1.1101999999999999        427 3.010925674683764e-13
1.1128                    428 2.942534045367681e-13
1.1154                    429 2.8761016279536186e-13
1.1179999999999999        430 2.8115605224688233e-13
1.1206                    431 2.7488455911110035e-13
1.1232                    432 2.6878943303583814e-13
1.1258                    433 2.62864674747527e-13
1.1283999999999998        434 2.571045245402843e-13
1.131                     435 2.5150345128331126e-13
1.1336                    436 2.4605614201997624e-13
1.1361999999999999        437 2.407574920539334e-13
1.1388                    438 2.356025955952499e-13
1.1414                    439 2.305867368798289e-13
1.144                     440 2.2570538169834665e-13
1.1465999999999998        441 2.2095416938103777e-13
1.1492                    442 2.163289051821508e-13
1.1518                    443 2.1182555302700151e-13
1.1543999999999999        444 2.0744022859617198e-13
1.157                     445 2.0316919283316657e-13
1.1596                    446 1.9900884567471236e-13
1.1622                    447 1.949557200936285e-13
1.1648                    448 1.9100647653565664e-13
1.1674                    449 1.8715789743906085e-13
1.17                      450 1.834068822161273e-13
1.1725999999999999        451 1.797504423102678e-13
1.1752                    452 1.7618569655320813e-13
1.1778                    453 1.727098667962266e-13
1.1804                    454 1.6932027359704164e-13
1.183                     455 1.6601433226279483e-13
1.1856                    456 1.627895489572516e-13
1.1882                    457 1.5964351709232185e-13
1.1907999999999999        458 1.5657391376008498e-13
1.1934                    459 1.535784964385382e-13
1.196                     460 1.506550997781141e-13
1.1985999999999999        461 1.4780163257598367e-13
1.2012                    462 1.450160748509231e-13
1.2038                    463 1.4229647503471457e-13
1.2064                    464 1.3964094735061877e-13
1.2089999999999999        465 1.3704766926054164e-13
1.2116                    466 1.3451487902333964e-13
1.2142                    467 1.320408733591124e-13
1.2167999999999999        468 1.2962400524117153e-13
1.2194                    469 1.2726268176601698e-13
1.222                     470 1.2495536210488338e-13
1.2246                    471 1.2270055552192103e-13
1.2271999999999998        472 1.204968195732165e-13
1.2298                    473 1.1834275824939483e-13
1.2324                    474 1.1623702028610766e-13
1.2349999999999999        475 1.1417829751759713e-13
1.2376                    476 1.1216532331394588e-13
1.2402                    477 1.1019687103206226e-13
1.2428                    478 1.0827175258772415e-13
1.2453999999999998        479 1.0638881708949729e-13
1.248                     480 1.0454694944582196e-13
1.2506                    481 1.0274506915833118e-13
1.2531999999999999        482 1.0098212901337791e-13
1.2558                    483 9.925711398168798e-14
1.2584                    484 9.75690400250018e-14
1.261                     485 9.591695303462098e-14
1.2635999999999998        486 9.429992781372635e-14
1.2662                    487 9.27170669996561e-14
1.2688                    488 9.116750017816824e-14
1.2713999999999999        489 8.965038292086515e-14
1.274                     490 8.816489590204365e-14
1.2766                    491 8.671024402827458e-14
1.2792                    492 8.528565564646708e-14
1.2818                    493 8.389038171602004e-14
1.2844                    494 8.252369508240423e-14
1.287                     495 8.118488971003237e-14
1.2895999999999999        496 7.987328000969593e-14
1.2922                    497 7.858820015332249e-14
1.2948                    498 7.732900339177023e-14
1.2973999999999999        499 7.609506145423122e-14
1.3                       500 7.488576396269766e-14
1.3026                    501 7.370051780007415e-14
1.3052                    502 7.253874656479577e-14
1.3077999999999999        503 7.139989006780205e-14
1.3104                    504 7.02834037551819e-14
1.313                     505 6.918875824330929e-14
1.3155999999999999        506 6.811543884156496e-14
1.3182                    507 6.706294503240132e-14
1.3208                    508 6.603079008057136e-14
1.3234                    509 6.501850056945239e-14
1.3259999999999998        510 6.402561601171097e-14
1.3286                    511 6.305168838546862e-14
1.3312                    512 6.209628180734584e-14
1.3337999999999999        513 6.115897213349974e-14
1.3364                    514 6.02393465842674e-14
1.339                     515 5.933700342249275e-14
1.3416                    516 5.845155157923293e-14
1.3441999999999998        517 5.758261036299966e-14
1.3468                    518 5.6729809131439213e-14
1.3494                    519 5.589278697841505e-14
1.3519999999999999        520 5.507119244842236e-14
1.3546                    521 5.426468325900021e-14
1.3572                    522 5.3472926013170546e-14
1.3598                    523 5.2695595940831806e-14
1.3623999999999998        524 5.193237664787925e-14
1.365                     525 5.118295986891163e-14
1.3676                    526 5.044704521274136e-14
1.3701999999999999        527 4.9724339941682526e-14
1.3728                    528 4.90145587570676e-14
1.3754                    529 4.83174235676516e-14
1.378                     530 4.7632663304178304e-14
1.3805999999999998        531 4.6960013657491583e-14
1.3832                    532 4.62992169747057e-14
1.3858                    533 4.5650021990127364e-14
1.3883999999999999        534 4.501218368803597e-14
1.391                     535 4.438546309164994e-14
1.3936                    536 4.376962713119956e-14
1.3961999999999999        537 4.316444844320561e-14
1.3988                    538 4.256970522145951e-14
1.4014                    539 4.1985181067416516e-14
1.404                     540 4.141066483789662e-14
1.4065999999999999        541 4.0845950473531316e-14
1.4092                    542 4.029083692756956e-14
1.4118                    543 3.9745127925573335e-14
1.4143999999999999        544 3.9208631913677606e-14
1.417                     545 3.868116189847648e-14
1.4196                    546 3.8162535332037206e-14
1.4222                    547 3.7652573999931785e-14
1.4247999999999998        548 3.7151103851626574e-14
1.4274                    549 3.6657954965887446e-14
1.43                      550 3.6172961367830974e-14
1.4325999999999999        551 3.569596098520642e-14
1.4352                    552 3.522679549566699e-14
1.4378                    553 3.476531024593798e-14
1.4404                    554 3.431135416167577e-14
1.4429999999999998        555 3.3864779648992034e-14
1.4456                    556 3.3425442475941105e-14
1.4482                    557 3.299320173186704e-14
1.4507999999999999        558 3.2567919694863884e-14
1.4534                    559 3.214946179354274e-14
1.456                     560 3.1737696481512944e-14
1.4586                    561 3.1332495179259486e-14
1.4611999999999998        562 3.093373220466201e-14
1.4638                    563 3.054128468545074e-14
1.4664                    564 3.015503249595041e-14
1.4689999999999999        565 2.9774858166261736e-14
1.4716                    566 2.940064686411703e-14
1.4742                    567 2.903228624433981e-14
1.4768                    568 2.8669666499033405e-14
1.4793999999999998        569 2.8312680177261837e-14
1.482                     570 2.7961222207903956e-14
1.4846                    571 2.7615189802218417e-14
1.4871999999999999        572 2.7274482405820097e-14
1.4898                    573 2.6939001655111025e-14
1.4924                    574 2.660865128064676e-14
1.4949999999999999        575 2.6283337121188095e-14
1.4975999999999998        576 2.5962967018583874e-14
1.5002                    577 2.5647450781370275e-14
1.5028                    578 2.5336700169085803e-14
1.5053999999999998        579 2.5030628769270235e-14
1.508                     580 2.472915203678833e-14
1.5106                    581 2.4432187214544033e-14
1.5131999999999999        582 2.413965326120636e-14
1.5158                    583 2.3851470861400838e-14
1.5184                    584 2.35675623359868e-14
1.521                     585 2.328785166265886e-14
1.5235999999999998        586 2.3012264360089136e-14
1.5262                    587 2.2740727513705727e-14
1.5288                    588 2.2473169708573758e-14
1.5313999999999999        589 2.2209521003153868e-14
1.534                     590 2.194971290016718e-14
1.5366                    591 2.1693678288511138e-14
1.5392                    592 2.144135143746788e-14
1.5417999999999998        593 2.119266795673886e-14
1.5444                    594 2.0947564754849352e-14
1.547                     595 2.0705980019037955e-14
1.5495999999999999        596 2.0467853197385972e-14
1.5522                    597 2.0233124925962007e-14
1.5548                    598 2.0001737068550375e-14
1.5574                    599 1.9773632618772078e-14
1.5599999999999998        600 1.95487557147465e-14
1.5626                    601 1.932705162024997e-14
1.5652                    602 1.9108466680407164e-14
1.5677999999999999        603 1.8892948267285346e-14
1.5704                    604 1.8680444829829766e-14
1.573                     605 1.8470905817943973e-14
1.5756                    606 1.8264281662544914e-14
1.5781999999999998        607 1.8060523771450466e-14
1.5808                    608 1.7859584493263833e-14
1.5834                    609 1.7661417110090378e-14
1.5859999999999999        610 1.7465975794142117e-14
1.5886                    611 1.7273215619815836e-14
1.5912                    612 1.7083092503942897e-14
1.5937999999999999        613 1.6895563238229465e-14
1.5963999999999998        614 1.6710585423080266e-14
1.599                     615 1.652811745930392e-14
1.6016                    616 1.6348118563660238e-14
1.6041999999999998        617 1.6170548703680482e-14
1.6068                    618 1.5995368629836198e-14
1.6094                    619 1.5822539813483497e-14
1.6119999999999999        620 1.5652024454459072e-14
1.6146                    621 1.5483785460905004e-14
1.6172                    622 1.53177864432446e-14
1.6198                    623 1.5153991690172407e-14
1.6223999999999998        624 1.4992366148883035e-14
1.625                     625 1.483287541248909e-14
1.6276                    626 1.4675485729958573e-14
1.6301999999999999        627 1.452016395834202e-14
1.6328                    628 1.4366877559135456e-14
1.6354                    629 1.421559460983319e-14
1.638                     630 1.406628376047414e-14
1.6405999999999998        631 1.3918914240279458e-14
1.6432                    632 1.3773455831859609e-14
1.6458                    633 1.3629878865312102e-14
1.6483999999999999        634 1.3488154220402039e-14
1.651                     635 1.3348253286062838e-14
1.6536                    636 1.3210147997401707e-14
1.6562                    637 1.307381074310172e-14
1.6587999999999998        638 1.2939214449656815e-14
1.6614                    639 1.2806332523669724e-14
1.664                     640 1.2675138823408743e-14
1.6665999999999999        641 1.254560768534152e-14
1.6692                    642 1.2417713918071294e-14
1.6718                    643 1.2291432731177701e-14
1.6743999999999999        644 1.2166739818834048e-14
1.6769999999999998        645 1.2043611281194174e-14
1.6796                    646 1.1922023634930824e-14
1.6822                    647 1.1801953812054842e-14
1.6847999999999999        648 1.1683379160511421e-14
1.6874                    649 1.156627739052141e-14
1.69                      650 1.1450626636562091e-14
1.6925999999999999        651 1.1336405390836826e-14
1.6951999999999998        652 1.1223592521428978e-14
1.6978                    653 1.111216725784265e-14
1.7004                    654 1.100210918962113e-14
1.7029999999999998        655 1.089339826762809e-14
1.7056                    656 1.078601476460212e-14
1.7082                    657 1.0679939303333625e-14
1.7107999999999999        658 1.0575152837286468e-14
1.7133999999999998        659 1.0471636634087723e-14
1.716                     660 1.03693722867708e-14
1.7186                    661 1.0268341698844602e-14
1.7211999999999998        662 1.0168527077178105e-14
1.7238                    663 1.0069910927433514e-14
1.7264                    664 9.972476047677235e-15
1.7289999999999999        665 9.876205528690478e-15
1.7316                    666 9.78108274040809e-15
1.7342                    667 9.687091330068038e-15
1.7368                    668 9.594215209216284e-15
1.7393999999999998        669 9.502438562505018e-15
1.742                     670 9.411745852447394e-15
1.7446                    671 9.32212177104008e-15
1.7471999999999999        672 9.233551268523645e-15
1.7498                    673 9.146019550706961e-15
1.7524                    674 9.059512067771781e-15
1.755                     675 8.974014489515332e-15
1.7575999999999998        676 8.889512742858631e-15
1.7602                    677 8.805992959884764e-15
1.7628                    678 8.723441514236794e-15
1.7653999999999999        679 8.641845006978026e-15
1.768                     680 8.561190225607891e-15
1.7706                    681 8.481464198405269e-15
1.7731999999999999        682 8.402654143224844e-15
1.7757999999999998        683 8.32474750831147e-15
1.7784                    684 8.247731908582995e-15
1.781                     685 8.171595167590981e-15
1.7835999999999999        686 8.096325353156317e-15
1.7862                    687 8.021910631416663e-15
1.7888                    688 7.94833941696625e-15
1.7913999999999999        689 7.875600302171678e-15
1.7939999999999998        690 7.803682041583033e-15
1.7966                    691 7.732573580215773e-15
1.7992                    692 7.66226402965821e-15
1.8017999999999998        693 7.592742678301058e-15
1.8044                    694 7.52399896809693e-15
1.807                     695 7.456022528845297e-15
1.8095999999999999        696 7.388803132232036e-15
1.8121999999999998        697 7.322330715411785e-15
1.8148                    698 7.256595366827004e-15
1.8174                    699 7.191587326469923e-15
1.8199999999999998        700 7.127297025970914e-15
1.8226                    701 7.06371497523261e-15
1.8252                    702 7.0008318667357664e-15
1.8277999999999999        703 6.938638536758985e-15
1.8304                    704 6.877125954223875e-15
1.833                     705 6.816285240575634e-15
1.8356                    706 6.7561076192071535e-15
1.8381999999999998        707 6.696584476207901e-15
1.8408                    708 6.637707328840897e-15
1.8434                    709 6.579467809351562e-15
1.8459999999999999        710 6.521857666497177e-15
1.8486                    711 6.464868804988737e-15
1.8512                    712 6.408493222565489e-15
1.8538                    713 6.352723045434565e-15
1.8563999999999998        714 6.297550525185565e-15
1.859                     715 6.242968018725566e-15
1.8616                    716 6.188967999330029e-15
1.8641999999999999        717 6.135543058881047e-15
1.8668                    718 6.0826858947455294e-15
1.8694                    719 6.030389307727942e-15
1.8719999999999999        720 5.978646204106837e-15
1.8745999999999998        721 5.927449602153148e-15
1.8772                    722 5.876792624317294e-15
1.8798                    723 5.826668480575626e-15
1.8823999999999999        724 5.777070500080925e-15
1.885                     725 5.7279920811327875e-15
1.8876                    726 5.679426747413588e-15
1.8901999999999999        727 5.631368105958156e-15
1.8927999999999998        728 5.583809845317865e-15
1.8954                    729 5.536745759310576e-15
1.898                     730 5.4901697318089826e-15
1.9005999999999998        731 5.4440757234556406e-15
1.9032                    732 5.398457792397911e-15
1.9058                    733 5.3533100752085585e-15
1.9083999999999999        734 5.3086267955650976e-15
1.9109999999999998        735 5.264402264730896e-15
1.9136                    736 5.220630865595946e-15
1.9162                    737 5.177307060463877e-15
1.9187999999999998        738 5.134425399203107e-15
1.9214                    739 5.091980499945783e-15
1.924                     740 5.049967051940682e-15
1.9265999999999999        741 5.008379796874898e-15
1.9291999999999998        742 4.9672135236630826e-15
1.9318                    743 4.926463008823521e-15
1.9344                    744 4.886122894796408e-15
1.9369999999999998        745 4.846187480130335e-15
1.9396                    746 4.806650141329584e-15
1.9422                    747 4.7675021975437166e-15
1.9447999999999999        748 4.728730376916415e-15
1.9474                    749 4.690311571986686e-15
1.95                      750 4.652201772662609e-15
1.9526                    751 4.614313433248068e-15
1.9551999999999998        752 4.5764695400581975e-15
1.9578                    753 4.538311967778318e-15
1.9604                    754 4.499121047529476e-15
1.9629999999999999        755 4.457465582987882e-15
1.9656                    756 4.410534166126112e-15
1.9682                    757 4.352875881867304e-15
1.9707999999999999        758 4.27406478674043e-15
1.9733999999999998        759 4.154433085361229e-15
1.976                     760 3.9573946956470704e-15
1.9786                    761 3.615847142058476e-15
1.9811999999999999        762 3.0084586822628465e-15
1.9838                    763 1.9189699051117182e-15
1.9864                    764 -3.253811346183807e-17
1.9889999999999999        765 -3.503828936124813e-15
1.9915999999999998        766 -9.617063783715525e-15
1.9942                    767 -2.025843483397228e-14
1.9968                    768 -3.855110543708322e-14
1.9993999999999998        769 -6.958847341315662e-14
2.002                     770 -1.2155034129661446e-13
2.0046                    771 -2.0737001099664087e-13
2.0072                    772 -3.471757198236489e-13
2.0098                    773 -5.717934981314892e-13
2.0124                    774 -9.276658781003693e-13
2.015                     775 -1.4836032008335197e-12
2.0176                    776 -2.3398273751721358e-12
2.0202                    777 -3.6397710930380176e-12
2.0227999999999997        778 -5.5850309202580274e-12
2.0254                    779 -8.453706235096775e-12
2.028                     780 -1.2622049727744558e-11
2.0305999999999997        781 -1.8588872268979023e-11
2.0332                    782 -2.7001457513975923e-11
2.0358                    783 -3.868084140569167e-11
2.0383999999999998        784 -5.464322321894996e-11
2.041                     785 -7.61130687313582e-11
2.0436                    786 -1.0452227145046593e-10
2.0462                    787 -1.4148874792586352e-10
2.0488                    788 -1.8876731235596124e-10
2.0514                    789 -2.4816590188393426e-10
2.054                     790 -3.2142151434003125e-10
2.0566                    791 -4.100328391709487e-10
2.0591999999999997        792 -5.150506650119924e-10
2.0618                    793 -6.368327059795226e-10
2.0644                    794 -7.747762243310979e-10
2.0669999999999997        795 -9.270491630681531e-10
2.0696                    796 -1.0903475571455556e-09
2.0722                    797 -1.2597126288955312e-09
2.0747999999999998        798 -1.4284439121259139e-09
2.0774                    799 -1.588143744841403e-09
2.08                      800 -1.7289225379501656e-09
2.0826                    801 -1.8397828867495273e-09
2.0852                    802 -1.9091840879407773e-09
2.0878                    803 -1.925768071550679e-09
2.0904                    804 -1.879205161765362e-09
2.093                     805 -1.7610962118156589e-09
2.0955999999999997        806 -1.5658497479691831e-09
2.0982                    807 -1.2914420613425387e-09
2.1008                    808 -9.399674514830325e-10
2.1033999999999997        809 -5.178967578383109e-10
2.106                     810 -3.59851347735955e-11
2.1086                    811 4.911967853977985e-10
2.1111999999999997        812 1.0460938875302223e-09
2.1138                    813 1.6093025211716845e-09
2.1164                    814 2.1609145339874567e-09
2.1189999999999998        815 2.681941572331383e-09
2.1216                    816 3.155674435958446e-09
2.1242                    817 3.5688317287347876e-09
2.1268                    818 3.912369493819633e-09
2.1294                    819 4.181857672731845e-09
2.132                     820 4.377376449579254e-09
2.1346                    821 4.502940298759093e-09
2.1372                    822 4.565513143357323e-09
2.1397999999999997        823 4.573727491004506e-09
2.1424                    824 4.536457466451405e-09
2.145                     825 4.4614155436709155e-09
2.1475999999999997        826 4.3539428544528436e-09
2.1502                    827 4.2161430022602756e-09
2.1528                    828 4.0464715368206075e-09
2.1553999999999998        829 3.839841938590079e-09
2.158                     830 3.5882499582417272e-09
2.1606                    831 3.281858130386011e-09
2.1632                    832 2.9104279853701388e-09
2.1658                    833 2.4649450087382677e-09
2.1684                    834 1.9392555302999278e-09
2.171                     835 1.3315284514022523e-09
2.1736                    836 6.453689243944057e-10
2.1761999999999997        837 -1.0955553174941994e-10
2.1788                    838 -9.17466851400496e-10
2.1814                    839 -1.7570367638909453e-09
2.1839999999999997        840 -2.6025221704590527e-09
2.1866                    841 -3.425380622850785e-09
2.1892                    842 -4.196218869018202e-09
2.1917999999999997        843 -4.886890457429151e-09
2.1944                    844 -5.472540716406163e-09
2.197                     845 -5.9334011120789534e-09
2.1995999999999998        846 -6.256159729909012e-09
2.2022                    847 -6.4347777558074826e-09
2.2048                    848 -6.470678630580739e-09
2.2074                    849 -6.372300780912343e-09
2.21                      850 -6.154069470615827e-09
2.2125999999999997        851 -5.834901372568647e-09
2.2152                    852 -5.436400758913916e-09
2.2178                    853 -4.9809340662439865e-09
2.2203999999999997        854 -4.489777317121208e-09
2.223                     855 -3.981518000074133e-09
2.2256                    856 -3.4708612758541013e-09
2.2281999999999997        857 -2.9679435093717325e-09
2.2308                    858 -2.478199376772795e-09
2.2334                    859 -2.0027683691453385e-09
2.2359999999999998        860 -1.5393689065125754e-09
2.2386                    861 -1.0835196099269905e-09
2.2412                    862 -6.299526743668837e-10
2.2438                    863 -1.7404732635257406e-10
2.2464                    864 2.8688629542045773e-10
2.249                     865 7.52621282998037e-10
2.2516                    866 1.2194370523173227e-09
2.2542                    867 1.6800129010647278e-09
2.2567999999999997        868 2.123798038664183e-09
2.2594                    869 2.537809016938803e-09
2.262                     870 2.90775730720557e-09
2.2645999999999997        871 3.2193740882466708e-09
2.2672                    872 3.459780148713157e-09
2.2698                    873 3.6187480690133005e-09
2.2723999999999998        874 3.6897210680577654e-09
2.275                     875 3.6704853328840834e-09
2.2776                    876 3.563435675292666e-09
2.2802                    877 3.375422167563203e-09
2.2828                    878 3.1172118374469548e-09
2.2854                    879 2.8026389099976562e-09
2.288                     880 2.4475451095253412e-09
2.2906                    881 2.068625628585829e-09
2.2931999999999997        882 1.6822960195550318e-09
2.2958                    883 1.303681897715961e-09
2.2984                    884 9.458099564244343e-10
2.3009999999999997        885 6.19049363353145e-10
2.3036                    886 3.3082142866874836e-10
2.3062                    887 8.556648691831607e-11
2.3087999999999997        888 -1.1506664300042605e-10
2.3114                    889 -2.7185947093248246e-10
2.314                     890 -3.875498907005538e-10
2.3165999999999998        891 -4.6630488628325e-10
2.3192                    892 -5.131933801321844e-10
2.3218                    893 -5.337023202574431e-10
2.3244                    894 -5.333263098371365e-10
2.327                     895 -5.172478484722403e-10
2.3296                    896 -4.901131743916786e-10
2.3322                    897 -4.5589887294189957e-10
2.3348                    898 -4.1785741953063143e-10
2.3373999999999997        899 -3.785257447830526e-10
2.34                      900 -3.3977946052922324e-10
2.3426                    901 -3.029160387845346e-10
2.3451999999999997        902 -2.6875235280041826e-10
2.3478                    903 -2.377249321055497e-10
2.3504                    904 -2.0998449801442268e-10
2.3529999999999998        905 -1.8547940816584608e-10
2.3556                    906 -1.640252694035493e-10
2.3582                    907 -1.4536003504710205e-10
2.3608                    908 -1.291853540636386e-10
2.3634                    909 -1.1519583406477185e-10
2.366                     910 -1.0309831294681423e-10
2.3686                    911 -9.262332044606882e-11
2.3712                    912 -8.3530764672868e-11
2.3737999999999997        913 -7.561159890204822e-11
2.3764                    914 -6.86868882426947e-11
2.379                     915 -6.260535916114854e-11
2.3815999999999997        916 -5.724021127227947e-11
2.3842                    917 -5.2485717573881405e-11
2.3868                    918 -4.825394132257349e-11
2.3893999999999997        919 -4.447175201945062e-11
2.392                     920 -4.1078222099999386e-11
2.3946                    921 -3.8022420813623726e-11
2.3971999999999998        922 -3.526158340506769e-11
2.3998                    923 -3.275961411848832e-11
2.4024                    924 -3.048587430103438e-11
2.405                     925 -2.841420712390815e-11
2.4076                    926 -2.6522154731424093e-11
2.4101999999999997        927 -2.4790329689102185e-11
2.4128                    928 -2.3201909034462343e-11
2.4154                    929 -2.1742225259765517e-11
2.4179999999999997        930 -2.039843381244704e-11
2.4206                    931 -1.9159241075546214e-11
2.4232                    932 -1.8014680321466896e-11
2.4257999999999997        933 -1.6955925917287593e-11
2.4284                    934 -1.59751382249286e-11
2.431                     935 -1.506533330559625e-11
2.4335999999999998        936 -1.4220272815173201e-11
2.4362                    937 -1.3434370453935806e-11
2.4388                    938 -1.2702612084074078e-11
2.4414                    939 -1.2020487205277833e-11
2.444                     940 -1.1383929927020663e-11
2.4466                    941 -1.0789267924789496e-11
2.4492                    942 -1.0233178143686745e-11
2.4518                    943 -9.712648230482459e-12
2.4543999999999997        944 -9.224942850140487e-12
2.457                     945 -8.76757418386369e-12
2.4596                    946 -8.338276019639328e-12
2.4621999999999997        947 -7.934980939994635e-12
2.4648                    948 -7.555800188403916e-12
2.4674                    949 -7.1990058590892565e-12
2.4699999999999998        950 -6.8630151079762635e-12
2.4726                    951 -6.546376126412309e-12
2.4752                    952 -6.247755656083079e-12
2.4778                    953 -5.9659278548627975e-12
2.4804                    954 -5.69976434925486e-12
2.483                     955 -5.4482253315494515e-12
2.4856                    956 -5.210351578586661e-12
2.4882                    957 -4.985257285195587e-12
2.4907999999999997        958 -4.77212361907238e-12
2.4934                    959 -4.5701929159441406e-12
2.496                     960 -4.378763443596373e-12
2.4985999999999997        961 -4.197184672640241e-12
2.5012                    962 -4.024852999048213e-12
2.5038                    963 -3.861207870223739e-12
2.5063999999999997        964 -3.7057282722157945e-12
2.509                     965 -3.557929540334914e-12
2.5116                    966 -3.4173604600401553e-12
2.5141999999999998        967 -3.2836006285272902e-12
2.5168                    968 -3.156258050990046e-12
2.5194                    969 -3.0349669481787004e-12
2.522                     970 -2.9193857546254745e-12
2.5246                    971 -2.809195288981314e-12
2.5271999999999997        972 -2.7040970800725875e-12
2.5298                    973 -2.603811833850296e-12
2.5324                    974 -2.508078028062722e-12
2.5349999999999997        975 -2.416650622792851e-12
2.5376                    976 -2.32929987622212e-12
2.5402                    977 -2.245810256115796e-12
2.5427999999999997        978 -2.165979438327282e-12
2.5454                    979 -2.0896173847296334e-12
2.548                     980 -2.016545493402889e-12
2.5505999999999998        981 -1.946595814954495e-12
2.5532                    982 -1.8796103290862348e-12
2.5558                    983 -1.8154402764069427e-12
2.5584                    984 -1.7539455406664176e-12
2.561                     985 -1.694994077413145e-12
2.5636                    986 -1.6384613848024496e-12
2.5662                    987 -1.5842300136206337e-12
2.5688                    988 -1.5321891128133197e-12
2.5713999999999997        989 -1.4822340079498878e-12
2.574                     990 -1.4342658099550632e-12
2.5766                    991 -1.3881910515843958e-12
2.5791999999999997        992 -1.3439213494833308e-12
2.5818                    993 -1.3013730899630473e-12
2.5844                    994 -1.26046713647006e-12
2.5869999999999997        995 -1.221128557205686e-12
2.5896                    996 -1.1832863712917306e-12
2.5922                    997 -1.1468733121944713e-12
2.5947999999999998        998 -1.111825606896121e-12
2.5974                    999 -1.078082769887675e-12
