t                         x     y
0.0                       0 -3.47244969139e-32
0.0026                    1 -4.55038976604e-32
0.0052                    2 -6.03258704991e-33
0.0078                    3 1.14853274219e-31
0.0104                    4 2.2947328334e-31
0.013                     5 5.84858750692e-32
0.0156                    6 -5.31204627603e-31
0.0182                    7 -9.27275082912e-31
0.0208                    8 -6.70777925008e-33
0.023399999999999997      9 2.15618314472e-30
0.026                     10 2.93979814779e-30
0.0286                    11 -7.08469598885e-31
0.0312                    12 -7.14692665978e-30
0.0338                    13 -8.22456721847e-30
0.0364                    14 3.1813872514e-30
0.039                     15 2.06341245347e-29
0.0416                    16 2.23025335714e-29
0.044199999999999996      17 -8.74492339678e-30
0.046799999999999994      18 -5.4821403274e-29
0.0494                    19 -6.06419848631e-29
0.052                     20 1.72179099993e-29
0.054599999999999996      21 1.37387584808e-28
0.0572                    22 1.63249898955e-28
0.0598                    23 -1.95203592478e-29
0.0624                    24 -3.23479000866e-28
0.065                     25 -4.25072383212e-28
0.0676                    26 -3.22841590277e-29
0.0702                    27 6.98741443112e-28
0.0728                    28 1.05835589715e-27
0.0754                    29 3.25925702268e-28
0.078                     30 -1.33267322507e-27
0.08059999999999999       31 -2.50583804326e-27
0.0832                    32 -1.44857568913e-27
0.0858                    33 2.06877847948e-27
0.08839999999999999       34 5.54344267753e-27
0.091                     35 4.89804352349e-27
0.09359999999999999       36 -1.85188275285e-27
0.0962                    37 -1.1006359913e-26
0.0988                    38 -1.37704114283e-26
0.10139999999999999       39 -2.94874010811e-27
0.104                     40 1.80780449496e-26
0.1066                    41 3.2741215811e-26
0.10919999999999999       42 2.15027181692e-26
0.1118                    43 -1.91270481457e-26
0.1144                    44 -6.4204107177e-26
0.11699999999999999       45 -7.05892952552e-26
0.1196                    46 -1.04276811352e-26
0.12219999999999999       47 9.39299638075e-26
0.1248                    48 1.6617167614e-25
0.12739999999999999       49 1.21136938264e-25
0.13                      50 -6.07010224159e-26
0.1326                    51 -2.83824511609e-25
0.1352                    52 -3.68816336233e-25
0.1378                    53 -1.71730384509e-25
0.1404                    54 2.74261545285e-25
0.143                     55 7.07321185221e-25
0.1456                    56 7.56586485525e-25
0.1482                    57 2.03300203505e-25
0.1508                    58 -7.7489096745e-25
0.15339999999999998       59 -1.5812196197e-24
0.156                     60 -1.50200457418e-24
0.1586                    61 -2.18753396993e-25
0.16119999999999998       62 1.78832637289e-24
0.1638                    63 3.29227154489e-24
0.1664                    64 2.95466195443e-24
0.16899999999999998       65 2.84781104064e-25
0.1716                    66 -3.66660182164e-24
0.1742                    67 -6.49190242052e-24
0.17679999999999998       68 -5.68554379156e-24
0.1794                    69 -4.57059352471e-25
0.182                     70 7.0356397878e-24
0.1846                    71 1.21693950977e-23
0.18719999999999998       72 1.03442383869e-23
0.1898                    73 3.76850095692e-25
0.1924                    74 -1.33778061533e-23
0.19499999999999998       75 -2.21930806446e-23
0.1976                    76 -1.77532452522e-23
0.2002                    77 1.62530590024e-24
0.20279999999999998       78 2.72871026084e-23
0.2054                    79 4.25899944277e-23
0.208                     80 3.18086261252e-23
0.21059999999999998       81 -8.28303634938e-24
0.2132                    82 -6.11741058506e-23
0.2158                    83 -9.4139643825e-23
0.21839999999999998       84 -7.39796407489e-23
0.221                     85 1.09116865464e-23
0.2236                    86 1.33874365673e-22
0.22619999999999998       87 2.30920311912e-22
0.2288                    88 2.25028467583e-22
0.2314                    89 6.78115310201e-23
0.23399999999999999       90 -2.19179234365e-22
0.23659999999999998       91 -5.26865986479e-22
0.2392                    92 -6.82861627521e-22
0.2418                    93 -5.19710551063e-22
0.24439999999999998       94 3.20983084713e-23
0.247                     95 8.63976821218e-22
0.2496                    96 1.66607180845e-21
0.2522                    97 1.99446957982e-21
0.25479999999999997       98 1.43308758397e-21
0.25739999999999996       99 -1.86261318346e-22
0.26                      100 -2.58330181472e-21
0.2626                    101 -4.95015574707e-21
0.2652                    102 -6.08539974549e-21
0.2678                    103 -4.77861916754e-21
0.2704                    104 -3.8594074417e-22
0.27299999999999996       105 6.57859002985e-21
0.2756                    106 1.4101426116e-20
0.2782                    107 1.88594400852e-20
0.2808                    108 1.71133264356e-20
0.2834                    109 6.24381129514e-21
0.286                     110 -1.3458687393e-20
0.28859999999999997       111 -3.74378746379e-20
0.2912                    112 -5.67872932203e-20
0.2938                    113 -6.01018576335e-20
0.2964                    114 -3.74051008373e-20
0.299                     115 1.45872234736e-20
0.3016                    116 8.75616173321e-20
0.30419999999999997       117 1.59452297959e-19
0.30679999999999996       118 1.97358986903e-19
0.3094                    119 1.66761472647e-19
0.312                     120 4.60092106181e-20
0.3146                    121 -1.5773584649e-19
0.3172                    122 -3.97421200048e-19
0.3198                    123 -5.86964622632e-19
0.32239999999999996       124 -6.19381158754e-19
0.325                     125 -4.02384076928e-19
0.3276                    126 9.54258302108e-20
0.3302                    127 8.02411878182e-19
0.3328                    128 1.52498686858e-18
0.3354                    129 1.97041452945e-18
0.33799999999999997       130 1.82056745277e-18
0.34059999999999996       131 8.49757266602e-19
0.3432                    132 -9.41169409685e-19
0.3458                    133 -3.22076585414e-18
0.3484                    134 -5.30761680816e-18
0.351                     135 -6.28015290667e-18
0.35359999999999997       136 -5.23010502168e-18
0.35619999999999996       137 -1.62306236509e-18
0.3588                    138 4.32582124987e-18
0.3614                    139 1.13997317093e-17
0.364                     140 1.73992478767e-17
0.3666                    141 1.95432867895e-17
0.3692                    142 1.52613234829e-17
0.37179999999999996       143 3.24798009629e-18
0.37439999999999996       144 -1.55004117672e-17
0.377                     145 -3.70566723559e-17
0.3796                    146 -5.47399939072e-17
0.3822                    147 -6.03640147443e-17
0.3848                    148 -4.65526793182e-17
0.38739999999999997       149 -9.72673658649e-18
0.38999999999999996       150 4.70183092112e-17
0.3926                    151 1.12207857421e-16
0.3952                    152 1.66507605954e-16
0.3978                    153 1.86195285391e-16
0.4004                    154 1.49544394757e-16
0.40299999999999997       155 4.51073764124e-17
0.40559999999999996       156 -1.20162423238e-16
0.4082                    157 -3.15756095045e-16
0.4108                    158 -4.88310682444e-16
0.4134                    159 -5.70172816906e-16
0.416                     160 -4.96102962042e-16
0.41859999999999997       161 -2.2572390429e-16
0.42119999999999996       162 2.3333343653e-16
0.42379999999999995       163 8.08878559903e-16
0.4264                    164 1.36189790084e-15
0.429                     165 1.70487001151e-15
0.4316                    166 1.64241721352e-15
0.4342                    167 1.03003229793e-15
0.43679999999999997       168 -1.60811441733e-16
0.43939999999999996       169 -1.78897191284e-15
0.442                     170 -3.52224971534e-15
0.4446                    171 -4.86633641912e-15
0.4472                    172 -5.25425379204e-15
0.4498                    173 -4.19061757951e-15
0.45239999999999997       174 -1.42791522523e-15
0.45499999999999996       175 2.86684209053e-15
0.4576                    176 8.00696518095e-15
0.4602                    177 1.27962385425e-14
0.4628                    178 1.56907093655e-14
0.4654                    179 1.5120219123e-14
0.46799999999999997       180 9.93163071315e-15
0.47059999999999996       181 -1.29187757814e-16
0.47319999999999995       182 -1.40212243671e-14
0.4758                    183 -2.92360773991e-14
0.4784                    184 -4.1978234582e-14
0.481                     185 -4.77622600487e-14
0.4836                    186 -4.24087001139e-14
0.48619999999999997       187 -2.32966247747e-14
0.48879999999999996       188 9.37715955774e-15
0.4914                    189 5.16712391732e-14
0.494                     190 9.56542787686e-14
0.4966                    191 1.30135810981e-13
0.4992                    192 1.42493059452e-13
0.5018                    193 1.21469024075e-13
0.5044                    194 6.0538054604e-14
0.507                     195 -3.88418884187e-14
0.5095999999999999        196 -1.64950355892e-13
0.5122                    197 -2.95380581973e-13
0.5147999999999999        198 -3.99125502613e-13
0.5174                    199 -4.41471728965e-13
0.52                      200 -3.91316699096e-13
0.5226                    201 -2.29908052232e-13
0.5252                    202 4.06799533024e-14
0.5277999999999999        203 3.91468650031e-13
0.5304                    204 7.64973100056e-13
0.533                     205 1.07983934294e-12
0.5356                    206 1.24241762711e-12
0.5382                    207 1.16476706752e-12
0.5408                    208 7.86671021293e-13
0.5434                    209 9.81044130481e-14
0.5459999999999999        210 -8.42929784133e-13
0.5486                    211 -1.90223878316e-12
0.5512                    212 -2.87558692136e-12
0.5538                    213 -3.51163716161e-12
0.5564                    214 -3.55187580736e-12
0.5589999999999999        215 -2.7832710095e-12
0.5616                    216 -1.09689774624e-12
0.5641999999999999        217 1.45827967757e-12
0.5668                    218 4.63804428891e-12
0.5694                    219 7.99319898465e-12
0.572                     220 1.08973472607e-11
0.5746                    221 1.26142481877e-11
0.5771999999999999        222 1.24024748804e-11
0.5798                    223 9.64577463042e-12
0.5824                    224 3.99025430753e-12
0.585                     225 -4.53631836955e-12
0.5876                    226 -1.54485868542e-11
0.5902                    227 -2.77995404474e-11
0.5928                    228 -4.02622657436e-11
0.5953999999999999        229 -5.13075693043e-11
0.598                     230 -5.94668203568e-11
0.6006                    231 -6.36595498538e-11
0.6032                    232 -6.35392988224e-11
0.6058                    233 -5.98098653937e-11
0.6083999999999999        234 -5.44509437539e-11
0.611                     235 -5.07961034346e-11
0.6135999999999999        236 -5.3418172663e-11
0.6162                    237 -6.77953249095e-11
0.6188                    238 -9.97596866226e-11
0.6214                    239 -1.54762438975e-10
0.624                     240 -2.37011077431e-10
0.6265999999999999        241 -3.48589601629e-10
0.6292                    242 -4.88652007746e-10
0.6317999999999999        243 -6.52799148071e-10
0.6344                    244 -8.32792723671e-10
0.637                     245 -1.01662855911e-09
0.6396                    246 -1.18906240409e-09
0.6422                    247 -1.3325516246e-09
0.6447999999999999        248 -1.42862299768e-09
0.6474                    249 -1.45948297892e-09
0.65                      250 -1.40978717589e-09
0.6526                    251 -1.26837651493e-09
0.6552                    252 -1.02978603422e-09
0.6577999999999999        253 -6.95357105229e-10
0.6604                    254 -2.73854494637e-10
0.6629999999999999        255 2.18636983518e-10
0.6656                    256 7.59413198992e-10
0.6682                    257 1.32046173995e-09
0.6708                    258 1.87043669442e-09
0.6734                    259 2.37687003413e-09
0.6759999999999999        260 2.80864398405e-09
0.6786                    261 3.13835579746e-09
0.6811999999999999        262 3.34451222272e-09
0.6838                    263 3.4131630855e-09
0.6864                    264 3.33897376414e-09
0.689                     265 3.12558978699e-09
0.6916                    266 2.78524958652e-09
0.6941999999999999        267 2.3377739744e-09
0.6968                    268 1.8088996967e-09
0.6994                    269 1.22828458515e-09
0.702                     270 6.27235152706e-10
0.7046                    271 3.65190377938e-11
0.7071999999999999        272 -5.15803177947e-10
0.7098                    273 -1.00606056819e-09
0.7123999999999999        274 -1.41618961003e-09
0.715                     275 -1.73452519014e-09
0.7176                    276 -1.95591454144e-09
0.7202                    277 -2.08136596846e-09
0.7228                    278 -2.1172512632e-09
0.7253999999999999        279 -2.07420569609e-09
0.728                     280 -1.9658061845e-09
0.7305999999999999        281 -1.80723280785e-09
0.7332                    282 -1.6139640735e-09
0.7358                    283 -1.40066891419e-09
0.7384                    284 -1.18036025398e-09
0.741                     285 -9.63777280205e-10
0.7435999999999999        286 -7.5911610331e-10
0.7462                    287 -5.71995562026e-10
0.7487999999999999        288 -4.05669275949e-10
0.7514                    289 -2.61360932896e-10
0.754                     290 -1.38731970356e-10
0.7565999999999999        291 -3.63738900111e-11
0.7592                    292 4.77455852632e-11
0.7617999999999999        293 1.15876155893e-10
0.7644                    294 1.70187655635e-10
0.767                     295 2.12566644842e-10
0.7696                    296 2.44530173887e-10
0.7722                    297 2.67212918459e-10
0.7747999999999999        298 2.81425549531e-10
0.7774                    299 2.87758705753e-10
0.7799999999999999        300 2.86696444363e-10
0.7826                    301 2.78730150072e-10
0.7852                    302 2.64447574949e-10
0.7878                    303 2.44591014109e-10
0.7904                    304 2.20080786928e-10
0.7929999999999999        305 1.92003871136e-10
0.7956                    306 1.61572366597e-10
0.7981999999999999        307 1.3006479227e-10
0.8008                    308 9.87593062884e-11
0.8034                    309 6.88584883557e-11
0.8059999999999999        310 4.14297623985e-11
0.8086                    311 1.73533548642e-11
0.8111999999999999        312 -2.70994424817e-12
0.8138                    313 -1.83393994435e-11
0.8164                    314 -2.93537555374e-11
0.819                     315 -3.57987806066e-11
0.8216                    316 -3.7925884655e-11
0.8241999999999999        317 -3.61609076016e-11
0.8268                    318 -3.1070188089e-11
0.8293999999999999        319 -2.33237040792e-11
0.832                     320 -1.36582438068e-11
0.8346                    321 -2.84076668439e-12
0.8371999999999999        322 8.36544722382e-12
0.8398                    323 1.92358490247e-11
0.8423999999999999        324 2.91152241205e-11
0.845                     325 3.74453246188e-11
0.8475999999999999        326 4.37910818718e-11
0.8502                    327 4.78591749564e-11
0.8528                    328 4.95109370169e-11
0.8553999999999999        329 4.87667822791e-11
0.858                     330 4.58015014804e-11
0.8605999999999999        331 4.09288575254e-11
0.8632                    332 3.45772854793e-11
0.8658                    333 2.72557670877e-11
0.8684                    334 1.95145011261e-11
0.871                     335 1.19014529135e-11
0.8735999999999999        336 4.92021961368e-12
0.8762                    337 -1.00953533727e-12
0.8787999999999999        338 -5.58230458386e-12
0.8814                    339 -8.62655519934e-12
0.884                     340 -1.01125973914e-11
0.8865999999999999        341 -1.01460888302e-11
0.8892                    342 -8.9495962724e-12
0.8917999999999999        343 -6.83351899372e-12
0.8944                    344 -4.15982092522e-12
0.8969999999999999        345 -1.3024590087e-12
0.8996                    346 1.39076337252e-12
0.9022                    347 3.63203130765e-12
0.9047999999999999        348 5.21825898464e-12
0.9074                    349 6.04521814551e-12
0.9099999999999999        350 6.11029629671e-12
0.9126                    351 5.50345533035e-12
0.9152                    352 4.38864829894e-12
0.9178                    353 2.97830770463e-12
0.9204                    354 1.50385780218e-12
0.9229999999999999        355 1.86410836853e-13
0.9256                    356 -7.89150645872e-13
0.9281999999999999        357 -1.2942164701e-12
0.9308                    358 -1.26797444072e-12
0.9334                    359 -7.20104423139e-13
0.9359999999999999        360 2.75219029424e-13
0.9386                    361 1.59291850543e-12
0.9411999999999999        362 3.07581564385e-12
0.9438                    363 4.55595023513e-12
0.9463999999999999        364 5.87603316698e-12
0.949                     365 6.90769316747e-12
0.9516                    366 7.56476305208e-12
0.9541999999999999        367 7.81026025104e-12
0.9568                    368 7.65615088688e-12
0.9593999999999999        369 7.15661557793e-12
0.962                     370 6.39604948866e-12
0.9645999999999999        371 5.47354262609e-12
0.9672                    372 4.48642858975e-12
0.9698                    373 3.51537288862e-12
0.9723999999999999        374 2.61286825509e-12
0.975                     375 1.79734352401e-12
0.9775999999999999        376 1.05343164747e-12
0.9802                    377 3.38610270465e-13
0.9828                    378 -4.05001227867e-13
0.9853999999999999        379 -1.23511704336e-12
0.988                     380 -2.19262889095e-12
0.9905999999999999        381 -3.28667388444e-12
0.9932                    382 -4.48373456419e-12
0.9957999999999999        383 -5.70305868502e-12
0.9984                    384 -6.82007922359e-12
1.001                     385 -7.6775885996e-12
1.0036                    386 -8.10424210379e-12
1.0062                    387 -7.9381778928e-12
1.0088                    388 -7.05297105441e-12
1.0113999999999999        389 -5.38211576001e-12
1.014                     390 -2.93887657266e-12
1.0166                    391 1.72518954417e-13
1.0191999999999999        392 3.75607878134e-12
1.0218                    393 7.53478269361e-12
1.0244                    394 1.11736175867e-11
1.027                     395 1.43113776038e-11
1.0295999999999998        396 1.65991803636e-11
1.0322                    397 1.7740614533e-11
1.0348                    398 1.75293529692e-11
1.0373999999999999        399 1.58785762316e-11
1.04                      400 1.28390197779e-11
1.0426                    401 8.60171482653e-12
1.0452                    402 3.48659556088e-12
1.0477999999999998        403 -2.08629467868e-12
1.0504                    404 -7.63456225322e-12
1.053                     405 -1.26624214586e-11
1.0555999999999999        406 -1.67095781656e-11
1.0582                    407 -1.93996901876e-11
1.0608                    408 -2.04780636892e-11
1.0634                    409 -1.98381450156e-11
1.066                     410 -1.75321007712e-11
1.0686                    411 -1.37642865855e-11
1.0712                    412 -8.86985537102e-12
1.0737999999999999        413 -3.27894829344e-12
1.0764                    414 2.52600371176e-12
1.079                     415 8.05737507964e-12
1.0816                    416 1.28688544196e-11
1.0842                    417 1.6593462715e-11
1.0868                    418 1.89737947576e-11
1.0894                    419 1.98769473103e-11
1.0919999999999999        420 1.9298812548e-11
1.0946                    421 1.73540626314e-11
1.0972                    422 1.42567190692e-11
1.0997999999999999        423 1.02939471183e-11
1.1024                    424 5.79525316624e-12
1.105                     425 1.10329020225e-12
1.1076                    426 -3.45293325182e-12
1.1101999999999999        427 -7.57982218658e-12
1.1128                    428 -1.10347451662e-11
1.1154                    429 -1.3634199672e-11
1.1179999999999999        430 -1.52580031942e-11
1.1206                    431 -1.58477259093e-11
1.1232                    432 -1.54033730215e-11
1.1258                    433 -1.39786281508e-11
1.1283999999999998        434 -1.16756413565e-11
1.131                     435 -8.63971394427e-12
1.1336                    436 -5.05477690954e-12
1.1361999999999999        437 -1.13675301811e-12
1.1388                    438 2.87315483904e-12
1.1414                    439 6.71973674621e-12
1.144                     440 1.01451104462e-11
1.1465999999999998        441 1.29066601157e-11
1.1492                    442 1.47936107808e-11
1.1518                    443 1.56467894197e-11
1.1543999999999999        444 1.5375478668e-11
1.157                     445 1.39710812364e-11
1.1596                    446 1.15149391758e-11
1.1622                    447 8.17722799196e-12
1.1648                    448 4.20862303341e-12
1.1674                    449 -7.86363162086e-14
1.17                      450 -4.33549463691e-12
1.1725999999999999        451 -8.20817892822e-12
1.1752                    452 -1.13703577803e-11
1.1778                    453 -1.35550286273e-11
1.1804                    454 -1.4581238994e-11
1.183                     455 -1.43724337986e-11
1.1856                    456 -1.29638504792e-11
1.1882                    457 -1.04991119965e-11
1.1907999999999999        458 -7.21488060268e-12
1.1934                    459 -3.41677207361e-12
1.196                     460 5.51959302916e-13
1.1985999999999999        461 4.34484826589e-12
1.2012                    462 7.64574254603e-12
1.2038                    463 1.01969882191e-11
1.2064                    464 1.18217336961e-11
1.2089999999999999        465 1.24352290617e-11
1.2116                    466 1.20467602907e-11
1.2142                    467 1.07513945663e-11
1.2167999999999999        468 8.71355678583e-12
1.2194                    469 6.14562827711e-12
1.222                     470 3.28309254782e-12
1.2246                    471 3.61233558257e-13
1.2271999999999998        472 -2.40630779191e-12
1.2298                    473 -4.84242333731e-12
1.2324                    474 -6.81589680529e-12
1.2349999999999999        475 -8.24434964741e-12
1.2376                    476 -9.09146889716e-12
1.2402                    477 -9.35976730149e-12
1.2428                    478 -9.0814300524e-12
1.2453999999999998        479 -8.30839477078e-12
1.248                     480 -7.10402743576e-12
1.2506                    481 -5.53717748736e-12
1.2531999999999999        482 -3.67922532718e-12
1.2558                    483 -1.60402160304e-12
1.2584                    484 6.09410850776e-13
1.261                     485 2.87416444811e-12
1.2635999999999998        486 5.092156731e-12
1.2662                    487 7.15321725464e-12
1.2688                    488 8.93691023962e-12
1.2713999999999999        489 1.03176590535e-11
1.274                     490 1.11729479835e-11
1.2766                    491 1.13949205974e-11
1.2792                    492 1.09029460807e-11
1.2818                    493 9.65626450328e-12
1.2844                    494 7.66523650109e-12
1.287                     495 4.99812691235e-12
1.2895999999999999        496 1.78439728271e-12
1.2922                    497 -1.78926925359e-12
1.2948                    498 -5.48753837509e-12
1.2973999999999999        499 -9.04245341798e-12
1.3                       500 -1.21724149857e-11
1.3026                    501 -1.46052475669e-11
1.3052                    502 -1.61024943379e-11
1.3077999999999999        503 -1.64825514348e-11
1.3104                    504 -1.56404056373e-11
1.313                     505 -1.35624679889e-11
1.3155999999999999        506 -1.03342889801e-11
1.3182                    507 -6.1408499813e-12
1.3208                    508 -1.25792085082e-12
1.3234                    509 3.96500193789e-12
1.3259999999999998        510 9.12919479595e-12
1.3286                    511 1.38157584331e-11
1.3312                    512 1.76208908576e-11
1.3337999999999999        513 2.01899469365e-11
1.3364                    514 2.12517087261e-11
1.339                     515 2.06461375774e-11
1.3416                    516 1.83458942482e-11
1.3441999999999998        517 1.44671479657e-11
1.3468                    518 9.26813487068e-12
1.3494                    519 3.13619963332e-12
1.3519999999999999        520 -3.44048487616e-12
1.3546                    521 -9.90793471572e-12
1.3572                    522 -1.56960278108e-11
1.3598                    523 -2.02670658034e-11
1.3623999999999998        524 -2.31693136898e-11
1.365                     525 -2.4083166017e-11
1.3676                    526 -2.28592283991e-11
1.3701999999999999        527 -1.95411464787e-11
1.3728                    528 -1.43719428719e-11
1.3754                    529 -7.78051321287e-12
1.378                     530 -3.48458729319e-13
1.3805999999999998        531 7.24039231348e-12
1.3832                    532 1.42615207838e-11
1.3858                    533 2.00222199931e-11
1.3883999999999999        534 2.39310654626e-11
1.391                     535 2.55624410528e-11
1.3936                    536 2.47060011338e-11
1.3961999999999999        537 2.13954270967e-11
1.3988                    538 1.59137980571e-11
1.4014                    539 8.77165354241e-12
1.404                     540 6.62191059365e-13
1.4065999999999999        541 -7.60798368749e-12
1.4092                    542 -1.51965939832e-11
1.4118                    543 -2.13170869845e-11
1.4143999999999999        544 -2.53192466992e-11
1.417                     545 -2.67625921424e-11
1.4196                    546 -2.54660736942e-11
1.4222                    547 -2.15320677954e-11
1.4247999999999998        548 -1.53396600977e-11
1.4274                    549 -7.50874709632e-12
1.43                      550 1.16311647813e-12
1.4325999999999999        551 9.78462883633e-12
1.4352                    552 1.74632391881e-11
1.4378                    553 2.34024744028e-11
1.4404                    554 2.69853306367e-11
1.4429999999999998        555 2.78412987109e-11
1.4456                    556 2.58862931091e-11
1.4482                    557 2.13310202835e-11
1.4507999999999999        558 1.46568590598e-11
1.4534                    559 6.5643454214e-12
1.456                     560 -2.10479030038e-12
1.4586                    561 -1.04569720938e-11
1.4611999999999998        562 -1.76451492306e-11
1.4638                    563 -2.2955179424e-11
1.4664                    564 -2.5883226118e-11
1.4689999999999999        565 -2.61831806236e-11
1.4716                    566 -2.38889047433e-11
1.4742                    567 -1.93043914187e-11
1.4768                    568 -1.29637672125e-11
1.4793999999999998        569 -5.57046162669e-12
1.482                     570 2.08551405312e-12
1.4846                    571 9.211541252e-12
1.4871999999999999        572 1.50991302794e-11
1.4898                    573 1.91951177175e-11
1.4924                    574 2.11564099573e-11
1.4949999999999999        575 2.08775219335e-11
1.4975999999999998        576 1.84930820657e-11
1.5002                    577 1.43537300101e-11
1.5028                    578 8.97933897376e-12
1.5053999999999998        579 2.99580412561e-12
1.508                     580 -2.93513477412e-12
1.5106                    581 -8.18935631114e-12
1.5131999999999999        582 -1.22437181921e-11
1.5158                    583 -1.47270945439e-11
1.5184                    584 -1.54521812012e-11
1.521                     585 -1.44256204204e-11
1.5235999999999998        586 -1.18375569763e-11
1.5262                    587 -8.03226408996e-12
1.5288                    588 -3.46498524317e-12
1.5313999999999999        589 1.35187781108e-12
1.534                     590 5.90200718159e-12
1.5366                    591 9.71958364487e-12
1.5392                    592 1.24309442948e-11
1.5417999999999998        593 1.37873488668e-11
1.5444                    594 1.36814639479e-11
1.547                     595 1.21497829159e-11
1.5495999999999999        596 9.36134503249e-12
1.5522                    597 5.59410417295e-12
1.5548                    598 1.20490683403e-12
1.5574                    599 -3.40683904698e-12
1.5599999999999998        600 -7.83429397744e-12
1.5626                    601 -1.16979629108e-11
1.5652                    602 -1.46732348494e-11
1.5677999999999999        603 -1.65125135787e-11
1.5704                    604 -1.70597563853e-11
1.573                     605 -1.62572871831e-11
1.5756                    606 -1.41454513033e-11
1.5781999999999998        607 -1.08569412141e-11
1.5808                    608 -6.60545836778e-12
1.5834                    609 -1.67162030745e-12
1.5859999999999999        610 3.61463029647e-12
1.5886                    611 8.89367399171e-12
1.5912                    612 1.37971708711e-11
1.5937999999999999        613 1.79685988311e-11
1.5963999999999998        614 2.10864242733e-11
1.599                     615 2.28844165839e-11
1.6016                    616 2.31721308808e-11
1.6041999999999998        617 2.18513540595e-11
1.6068                    618 1.89289556252e-11
1.6094                    619 1.45242299091e-11
1.6119999999999999        620 8.86807988154e-12
1.6146                    621 2.29589524475e-12
1.6172                    622 -4.77088681061e-12
1.6198                    623 -1.18486774212e-11
1.6223999999999998        624 -1.84241372159e-11
1.625                     625 -2.39920305845e-11
1.6276                    626 -2.80954010057e-11
1.6301999999999999        627 -3.03636560339e-11
1.6328                    628 -3.05480085672e-11
1.6354                    629 -2.85471646322e-11
1.638                     630 -2.44236297853e-11
1.6405999999999998        631 -1.84065263031e-11
1.6432                    632 -1.08801015072e-11
1.6458                    633 -2.35832794265e-12
1.6483999999999999        634 6.55007558609e-12
1.651                     635 1.51899048895e-11
1.6536                    636 2.29088692461e-11
1.6562                    637 2.91125595853e-11
1.6587999999999998        638 3.33102018191e-11
1.6614                    639 3.51588480552e-11
1.664                     640 3.44906186944e-11
1.6665999999999999        641 3.13288839315e-11
1.6692                    642 2.58882776327e-11
1.6718                    643 1.855741949e-11
1.6743999999999999        644 9.87169287286e-12
1.6769999999999998        645 4.68110684763e-13
1.6796                    646 -8.9606542672e-12
1.6822                    647 -1.77223929976e-11
1.6847999999999999        648 -2.5176097318e-11
1.6874                    649 -3.07823905255e-11
1.69                      650 -3.41414951865e-11
1.6925999999999999        651 -3.50224155232e-11
1.6951999999999998        652 -3.33787025797e-11
1.6978                    653 -2.93496338344e-11
1.7004                    654 -2.32472374684e-11
1.7029999999999998        655 -1.55326723705e-11
1.7056                    656 -6.77958730821e-12
1.7082                    657 2.36746820065e-12
1.7107999999999999        658 1.12408016922e-11
1.7133999999999998        659 1.91982818531e-11
1.716                     660 2.56694526746e-11
1.7186                    661 3.01945551895e-11
1.7211999999999998        662 3.24587717815e-11
1.7238                    663 3.23133325653e-11
1.7264                    664 2.97862012832e-11
1.7289999999999999        665 2.50803128266e-11
1.7316                    666 1.85579607237e-11
1.7342                    667 1.07162516708e-11
1.7368                    668 2.14950279798e-12
1.7393999999999998        669 -6.49243853124e-12
1.742                     670 -1.45545936414e-11
1.7446                    671 -2.14243067731e-11
1.7471999999999999        672 -2.65785032871e-11
1.7498                    673 -2.96251079224e-11
1.7524                    674 -3.03347208463e-11
1.755                     675 -2.86599077803e-11
1.7575999999999998        676 -2.4741111937e-11
1.7602                    677 -1.88972865134e-11
1.7628                    678 -1.16028454206e-11
1.7653999999999999        679 -3.45059918139e-12
1.768                     680 4.89572184875e-12
1.7706                    681 1.2755863206e-11
1.7731999999999999        682 1.94877031179e-11
1.7757999999999998        683 2.45434506052e-11
1.7784                    684 2.75151845752e-11
1.781                     685 2.81712569938e-11
1.7835999999999999        686 2.64771260472e-11
1.7862                    687 2.25987284441e-11
1.7888                    688 1.68895314401e-11
1.7913999999999999        689 9.8591855166e-12
1.7939999999999998        690 2.12997675053e-12
1.7966                    691 -5.62055263442e-12
1.7992                    692 -1.27169923897e-11
1.8017999999999998        693 -1.85505777406e-11
1.8044                    694 -2.26310220564e-11
1.807                     695 -2.46326153919e-11
1.8095999999999999        696 -2.44222142509e-11
1.8121999999999998        697 -2.20707618848e-11
1.8148                    698 -1.78445591636e-11
1.8174                    699 -1.2179172601e-11
1.8199999999999998        700 -5.63647392648e-12
1.8226                    701 1.15059871353e-12
1.8252                    702 7.5381445877e-12
1.8277999999999999        703 1.29350861619e-11
1.8304                    704 1.68583341731e-11
1.833                     705 1.89788879057e-11
1.8356                    706 1.91523047421e-11
1.8381999999999998        707 1.74302378086e-11
1.8408                    708 1.40520780775e-11
1.8434                    709 9.41887019767e-12
1.8459999999999999        710 4.04974057761e-12
1.8486                    711 -1.47148526003e-12
1.8512                    712 -6.55841353447e-12
1.8538                    713 -1.06800540634e-11
1.8563999999999998        714 -1.34173566355e-11
1.859                     715 -1.45033924107e-11
1.8616                    716 -1.38504381575e-11
1.8641999999999999        717 -1.15570773437e-11
1.8668                    718 -7.89571012738e-12
1.8694                    719 -3.28380638653e-12
1.8719999999999999        720 1.76252849121e-12
1.8745999999999998        721 6.68135078513e-12
1.8772                    722 1.09250915606e-11
1.8798                    723 1.40163592538e-11
1.8823999999999999        724 1.55980506289e-11
1.885                     725 1.5468806791e-11
1.8876                    726 1.36035262915e-11
1.8901999999999999        727 1.01554337856e-11
1.8927999999999998        728 5.43997225738e-12
1.8954                    729 -9.75784123641e-14
1.898                     730 -5.92527242549e-12
1.9005999999999998        731 -1.14779722185e-11
1.9032                    732 -1.62106439383e-11
1.9058                    733 -1.96502952798e-11
1.9083999999999999        734 -2.14396694842e-11
1.9109999999999998        735 -2.13686845996e-11
1.9136                    736 -1.93920712821e-11
1.9162                    737 -1.56318152866e-11
1.9187999999999998        738 -1.0365512268e-11
1.9214                    739 -3.99998090206e-12
1.924                     740 2.96098388863e-12
1.9265999999999999        741 9.96097475336e-12
1.9291999999999998        742 1.64318975093e-11
1.9318                    743 2.18392109952e-11
1.9344                    744 2.57196902664e-11
1.9369999999999998        745 2.77161904538e-11
1.9396                    746 2.76021150381e-11
1.9422                    747 2.52993181959e-11
1.9447999999999999        748 2.08867645402e-11
1.9474                    749 1.45998352297e-11
1.95                      750 6.82261712404e-12
1.9526                    751 -1.9310048352e-12
1.9551999999999998        752 -1.10414585461e-11
1.9578                    753 -1.98171756782e-11
1.9604                    754 -2.75364731017e-11
1.9629999999999999        755 -3.34963168314e-11
1.9656                    756 -3.70659336557e-11
1.9682                    757 -3.77425452003e-11
1.9707999999999999        758 -3.52079476684e-11
1.9733999999999998        759 -2.93783608551e-11
1.976                     760 -2.0441384696e-11
1.9786                    761 -8.88002258531e-12
1.9811999999999999        762 4.53400251371e-12
1.9838                    763 1.87653087513e-11
1.9864                    764 3.25783983124e-11
1.9889999999999999        765 4.46234854623e-11
1.9915999999999998        766 5.35551603065e-11
1.9942                    767 5.81601711236e-11
1.9968                    768 5.75012953918e-11
1.9993999999999998        769 5.10466530157e-11
2.002                     770 3.87796322832e-11
2.0046                    771 2.12711098735e-11
2.0072                    772 -3.06272802258e-13
2.0098                    773 -2.42204867273e-11
2.0124                    774 -4.82932582813e-11
2.015                     775 -7.00809132947e-11
2.0176                    776 -8.71132194158e-11
2.0202                    777 -9.71669827932e-11
2.0227999999999997        778 -9.85644205143e-11
2.0254                    779 -9.04519653622e-11
2.028                     780 -7.3042363824e-11
2.0305999999999997        781 -4.77816952671e-11
2.0332                    782 -1.7414583664e-11
2.0358                    783 1.40704453297e-11
2.0383999999999998        784 4.16160716998e-11
2.041                     785 5.94131549514e-11
2.0436                    786 6.1316576816e-11
2.0462                    787 4.13535733435e-11
2.0488                    788 -5.71999825977e-12
2.0514                    789 -8.38769609324e-11
2.054                     790 -1.95297278349e-10
2.0566                    791 -3.39981376385e-10
2.0591999999999997        792 -5.15458120631e-10
2.0618                    793 -7.1674466362e-10
2.0644                    794 -9.36370758708e-10
2.0669999999999997        795 -1.16478293677e-09
2.0696                    796 -1.39073597083e-09
2.0722                    797 -1.60199919996e-09
2.0747999999999998        798 -1.78604331325e-09
2.0774                    799 -1.93088189882e-09
2.08                      800 -2.02579619746e-09
2.0826                    801 -2.06205430509e-09
2.0852                    802 -2.03345318361e-09
2.0878                    803 -1.93669036364e-09
2.0904                    804 -1.77153980374e-09
2.093                     805 -1.54078816372e-09
2.0955999999999997        806 -1.24993992934e-09
2.0982                    807 -9.06796637778e-10
2.1008                    808 -5.20851806129e-10
2.1033999999999997        809 -1.02581498851e-10
2.106                     810 3.37144090423e-10
2.1086                    811 7.87942600056e-10
2.1111999999999997        812 1.24002563773e-09
2.1138                    813 1.68511471443e-09
2.1164                    814 2.11621120627e-09
2.1189999999999998        815 2.52786280797e-09
2.1216                    816 2.91589530299e-09
2.1242                    817 3.27713833848e-09
2.1268                    818 3.60904128804e-09
2.1294                    819 3.90915388948e-09
2.132                     820 4.17471568426e-09
2.1346                    821 4.40229541709e-09
2.1372                    822 4.58749127574e-09
2.1397999999999997        823 4.72492089898e-09
2.1424                    824 4.80823558746e-09
2.145                     825 4.83043649524e-09
2.1475999999999997        826 4.78432937712e-09
2.1502                    827 4.66307170655e-09
2.1528                    828 4.46085479666e-09
2.1553999999999998        829 4.17354328874e-09
2.158                     830 3.79928977168e-09
2.1606                    831 3.33906391425e-09
2.1632                    832 2.79699974293e-09
2.1658                    833 2.18054108103e-09
2.1684                    834 1.50020573741e-09
2.171                     835 7.69603270001e-10
2.1736                    836 4.63225898611e-12
2.1761999999999997        837 -7.77026443188e-10
2.1788                    838 -1.55675849989e-09
2.1814                    839 -2.31593344502e-09
2.1839999999999997        840 -3.03662894829e-09
2.1866                    841 -3.7024776578e-09
2.1892                    842 -4.29936974911e-09
2.1917999999999997        843 -4.81580997302e-09
2.1944                    844 -5.24345011854e-09
2.197                     845 -5.57694335157e-09
2.1995999999999998        846 -5.81398040822e-09
2.2022                    847 -5.95501603584e-09
2.2048                    848 -6.00290306352e-09
2.2074                    849 -5.96235949502e-09
2.21                      850 -5.83949955058e-09
2.2125999999999997        851 -5.64128654901e-09
2.2152                    852 -5.37511013476e-09
2.2178                    853 -5.048413243e-09
2.2203999999999997        854 -4.66844340963e-09
2.223                     855 -4.2420218449e-09
2.2256                    856 -3.77571396371e-09
2.2281999999999997        857 -3.27573301817e-09
2.2308                    858 -2.74819833557e-09
2.2334                    859 -2.19929874312e-09
2.2359999999999998        860 -1.63545021969e-09
2.2386                    861 -1.06355546592e-09
2.2412                    862 -4.91078733234e-10
2.2438                    863 7.39638489344e-11
2.2464                    864 6.22921270121e-10
2.249                     865 1.14696785403e-09
2.2516                    866 1.63682956078e-09
2.2542                    867 2.08371941923e-09
2.2567999999999997        868 2.47921372321e-09
2.2594                    869 2.81590906148e-09
2.262                     870 3.08768899338e-09
2.2645999999999997        871 3.29009597344e-09
2.2672                    872 3.42060002545e-09
2.2698                    873 3.47873840845e-09
2.2723999999999998        874 3.46620265823e-09
2.275                     875 3.38677619283e-09
2.2776                    876 3.24619398029e-09
2.2802                    877 3.05182812355e-09
2.2828                    878 2.81240675193e-09
2.2854                    879 2.53759657731e-09
2.288                     880 2.23757057327e-09
2.2906                    881 1.92254745457e-09
2.2931999999999997        882 1.60242197289e-09
2.2958                    883 1.28637434038e-09
2.2984                    884 9.82537384786e-10
2.3009999999999997        885 6.97840452091e-10
2.3036                    886 4.37702762923e-10
2.3062                    887 2.06231004496e-10
2.3087999999999997        888 5.92470170147e-12
2.3114                    889 -1.62004187843e-10
2.314                     890 -2.97621927103e-10
2.3165999999999998        891 -4.02047950487e-10
2.3192                    892 -4.77268002896e-10
2.3218                    893 -5.25927079664e-10
2.3244                    894 -5.51109824443e-10
2.327                     895 -5.56156232179e-10
2.3296                    896 -5.44492229082e-10
2.3322                    897 -5.19490894746e-10
2.3348                    898 -4.84355000552e-10
2.3373999999999997        899 -4.42048397886e-10
2.34                      900 -3.9524294948e-10
2.3426                    901 -3.46289663611e-10
2.3451999999999997        902 -2.97205593469e-10
2.3478                    903 -2.49685827569e-10
2.3504                    904 -2.05110955998e-10
2.3529999999999998        905 -1.64560101656e-10
2.3556                    906 -1.28835955793e-10
2.3582                    907 -9.84771431067e-11
2.3608                    908 -7.37744448864e-11
2.3634                    909 -5.47820261376e-11
2.366                     910 -4.13444001257e-11
2.3686                    911 -3.31042970814e-11
2.3712                    912 -2.95291291419e-11
2.3737999999999997        913 -2.99363867029e-11
2.3764                    914 -3.35270006202e-11
2.379                     915 -3.94234228596e-11
2.3815999999999997        916 -4.67124811054e-11
2.3842                    917 -5.4492077517e-11
2.3868                    918 -6.19157641824e-11
2.3893999999999997        919 -6.82400108643e-11
2.392                     920 -7.28588300802e-11
2.3946                    921 -7.5335751526e-11
2.3971999999999998        922 -7.54230428113e-11
2.3998                    923 -7.30683846761e-11
2.4024                    924 -6.84083345526e-11
2.405                     925 -6.17493833843e-11
2.4076                    926 -5.35362587595e-11
2.4101999999999997        927 -4.43130254713e-11
2.4128                    928 -3.46764977843e-11
2.4154                    929 -2.5227764322e-11
2.4179999999999997        930 -1.65229774307e-11
2.4206                    931 -9.03611040159e-12
2.4232                    932 -3.121104937e-12
2.4257999999999997        933 1.00863675051e-12
2.4284                    934 3.29121972731e-12
2.431                     935 3.8134434846e-12
2.4335999999999998        936 2.79531432723e-12
2.4362                    937 5.64568574182e-13
2.4388                    938 -2.47761360039e-12
2.4414                    939 -5.89478986457e-12
2.444                     940 -9.25732147189e-12
2.4466                    941 -1.2177208894e-11
2.4492                    942 -1.43445680681e-11
2.4518                    943 -1.55490342824e-11
2.4543999999999997        944 -1.5695625355e-11
2.457                     945 -1.4807530202e-11
2.4596                    946 -1.30184639111e-11
2.4621999999999997        947 -1.05545789122e-11
2.4648                    948 -7.70881709161e-12
2.4674                    949 -4.8092363425e-12
2.4699999999999998        950 -2.18487120757e-12
2.4726                    951 -1.31788785614e-13
2.4752                    952 1.1154011742e-12
2.4778                    953 1.40798657455e-12
2.4804                    954 6.97567979942e-13
2.483                     955 -9.58581304611e-13
2.4856                    956 -3.40275637528e-12
2.4882                    957 -6.39114369066e-12
2.4907999999999997        958 -9.61672755317e-12
2.4934                    959 -1.27385671456e-11
2.496                     960 -1.54135038066e-11
2.4985999999999997        961 -1.73306230478e-11
2.5012                    962 -1.82394932491e-11
2.5038                    963 -1.79777304155e-11
2.5063999999999997        964 -1.64871588604e-11
2.509                     965 -1.38227415625e-11
2.5116                    966 -1.01507569711e-11
2.5141999999999998        967 -5.73692655881e-12
2.5168                    968 -9.24670062741e-13
2.5194                    969 3.89295887193e-12
2.522                     970 8.30754302156e-12
2.5246                    971 1.19317802166e-11
2.5271999999999997        972 1.44338404076e-11
2.5298                    973 1.55697954529e-11
2.5324                    974 1.52063917014e-11
2.5349999999999997        975 1.33369626107e-11
2.5376                    976 1.00856033594e-11
2.5402                    977 5.69964995339e-12
2.5427999999999997        978 5.319539839e-13
2.5454                    979 -4.9872536656e-12
2.548                     980 -1.03863506337e-11
2.5505999999999998        981 -1.51915008351e-11
2.5532                    982 -1.89684379315e-11
2.5558                    983 -2.13612738609e-11
2.5584                    984 -2.21256762911e-11
2.561                     985 -2.11518025317e-11
2.5636                    986 -1.84778442547e-11
2.5662                    987 -1.42898583591e-11
2.5688                    988 -8.90895170136e-12
2.5713999999999997        989 -2.76565662732e-12
2.574                     990 3.6343515003e-12
2.5766                    991 9.75302130723e-12
2.5791999999999997        992 1.50664064558e-11
2.5818                    993 1.91089921664e-11
2.5844                    994 2.15168716178e-11
2.5869999999999997        995 2.20584106536e-11
2.5896                    996 2.065747573e-11
2.5922                    997 1.74018160992e-11
2.5947999999999998        998 1.25370963611e-11
2.5974                    999 6.4478040962e-12
