t             y
0.0 -1.4844396569e-31
0.0026 3.29135626431e-32
0.0052 4.26640784574e-31
0.0078 -2.04848463442e-31
0.0104 -1.10511590537e-30
0.013 7.86006804937e-31
0.0156 2.54797296682e-30
0.0182 -2.35957112696e-30
0.0208 -5.15164743875e-30
0.023399999999999997 5.79223054616e-30
0.026 9.00057705521e-30
0.0286 -1.17312839102e-29
0.0312 -1.31447005746e-29
0.0338 1.94016978891e-29
0.0364 1.4060829338e-29
0.039 -2.52684536487e-29
0.0416 -1.74708252261e-30
0.044199999999999996 2.3413939594e-29
0.046799999999999994 -4.85047382424e-29
0.0494 -1.29593900028e-29
0.052 1.88792328175e-28
0.054599999999999996 2.36138150111e-29
0.0572 -5.0806744527e-28
0.0598 -1.74017989941e-28
0.0624 1.11111193315e-27
0.065 7.66418621358e-28
0.0676 -2.00712098787e-27
0.0702 -2.3774023975e-27
0.0728 2.8293397701e-27
0.0754 5.80853691954e-27
0.078 -2.37177040056e-27
0.08059999999999999 -1.16277511947e-26
0.0832 -1.84049126242e-27
0.0858 1.90021246258e-26
0.08839999999999999 1.33191090348e-26
0.091 -2.38899807503e-26
0.09359999999999999 -3.47317368235e-26
0.0962 1.76983255202e-26
0.0988 6.36875511955e-26
0.10139999999999999 1.11339026976e-26
0.104 -8.73946456382e-26
0.1066 -6.98913505694e-26
0.10919999999999999 8.09130686181e-26
0.1118 1.48985601763e-25
0.1144 -1.6200971996e-26
0.11699999999999999 -2.11721342972e-25
0.1196 -1.14889455717e-25
0.12219999999999999 2.01525512988e-25
0.1248 2.74940360094e-25
0.12739999999999999 -7.75157898259e-26
0.13 -3.81469024203e-25
0.1326 -1.37103680201e-25
0.1352 3.59260962696e-25
0.1378 3.46619318778e-25
0.1404 -2.21538766242e-25
0.143 -4.66855476496e-25
0.1456 8.14326814356e-26
0.1482 5.61757760673e-25
0.1508 9.48079844839e-27
0.15339999999999998 -8.41018810552e-25
0.156 -3.16718581546e-25
0.1586 1.31355832569e-24
0.16119999999999998 1.38740359503e-24
0.1638 -1.25661282353e-24
0.1664 -3.30766379888e-24
0.16899999999999998 -7.20364852378e-25
0.1716 4.56502209596e-24
0.1742 5.16810310256e-24
0.17679999999999998 -2.06507928883e-24
0.1794 -9.42888757979e-24
0.182 -5.99878546867e-24
0.1846 7.3964718656e-24
0.18719999999999998 1.54715313482e-23
0.1898 5.31887572079e-24
0.1924 -1.53342316854e-23
0.19499999999999998 -2.26816569131e-23
0.1976 -3.38725118674e-24
0.2002 2.60272854319e-23
0.20279999999999998 3.22210930935e-23
0.2054 1.07652613406e-24
0.208 -4.08467632885e-23
0.21059999999999998 -4.68676652615e-23
0.2132 1.22111960482e-24
0.2158 6.36635236756e-23
0.21839999999999998 7.05227008009e-23
0.221 -5.84437620166e-24
0.2236 -1.01637760418e-22
0.22619999999999998 -1.05359126542e-22
0.2288 2.03785112359e-23
0.2314 1.62784868293e-22
0.23399999999999999 1.48020762161e-22
0.23659999999999998 -5.6444651221e-23
0.2392 -2.52019677932e-22
0.2418 -1.89907521802e-22
0.24439999999999998 1.25808193497e-22
0.247 3.70739078982e-22
0.2496 2.22603067398e-22
0.2522 -2.36619295527e-22
0.25479999999999997 -5.24120700042e-22
0.25739999999999996 -2.48894930467e-22
0.26 3.98358752727e-22
0.2626 7.36965621151e-22
0.2652 2.8372496959e-22
0.2678 -6.31733343443e-22
0.2704 -1.05270991215e-21
0.27299999999999996 -3.5327902493e-22
0.2756 9.54132641741e-22
0.2782 1.52352431471e-21
0.2808 5.09434811046e-22
0.2834 -1.34776055144e-21
0.286 -2.18612950879e-21
0.28859999999999997 -8.51832856629e-22
0.2912 1.69641394846e-21
0.2938 3.03356150607e-21
0.2964 1.56006768398e-21
0.299 -1.75654630353e-21
0.3016 -3.99063916121e-21
0.30419999999999997 -2.82081129876e-21
0.30679999999999996 1.20329071096e-21
0.3094 4.79735028477e-21
0.312 4.61784886068e-21
0.3146 3.11074436386e-22
0.3172 -4.85699129941e-21
0.3198 -6.55638216911e-21
0.32239999999999996 -3.00470651401e-21
0.325 3.40244589102e-21
0.3276 7.77228920195e-21
0.3302 6.4439243799e-21
0.3328 -2.83573912193e-23
0.3354 -6.96642787722e-21
0.33799999999999997 -8.99803516043e-21
0.34059999999999996 -4.45014122266e-21
0.3432 3.09127593305e-21
0.3458 7.83949116437e-21
0.3484 6.98248358215e-21
0.351 2.9357647662e-21
0.35359999999999997 -7.8528629247e-23
0.35619999999999996 -1.77321734522e-21
0.3588 -6.38479712197e-21
0.3614 -1.48494752707e-20
0.364 -1.73950137459e-20
0.3666 -8.67293621604e-22
0.3692 3.1023764303e-20
0.37179999999999996 4.99547587424e-20
0.37439999999999996 2.69800337174e-20
0.377 -3.2090546181e-20
0.3796 -8.18133324603e-20
0.3822 -7.37322431648e-20
0.3848 -1.32360530236e-21
0.38739999999999997 8.74216170134e-20
0.38999999999999996 1.22961535429e-19
0.3926 6.96260152065e-20
0.3952 -4.15166699267e-20
0.3978 -1.32259045514e-19
0.4004 -1.3571386874e-19
0.40299999999999997 -4.90656397503e-20
0.40559999999999996 6.42536839231e-20
0.4082 1.28647523261e-19
0.4108 1.15026908801e-19
0.4134 5.26314021135e-20
0.416 -6.66142118221e-21
0.41859999999999997 -4.03895781809e-20
0.42119999999999996 -7.8311980325e-20
0.42379999999999995 -1.54305580188e-19
0.4264 -2.20066645681e-19
0.429 -1.47688910769e-19
0.4316 1.23653575409e-19
0.4342 4.54274874512e-19
0.43679999999999997 5.7368496168e-19
0.43939999999999996 3.12941761076e-19
0.442 -2.31943201519e-19
0.4446 -7.49149201552e-19
0.4472 -9.08502392934e-19
0.4498 -5.65414241229e-19
0.45239999999999997 1.34972094526e-19
0.45499999999999996 8.46103299643e-19
0.4576 1.21609529398e-18
0.4602 1.02323482544e-18
0.4628 2.99001699803e-19
0.4654 -6.30730076758e-19
0.46799999999999997 -1.3497321122e-18
0.47059999999999996 -1.65390379423e-18
0.47319999999999995 -1.58813631808e-18
0.4758 -1.1905461664e-18
0.4784 -3.29493231543e-19
0.481 1.04434695621e-18
0.4836 2.52779116007e-18
0.48619999999999997 3.3412174134e-18
0.48879999999999996 2.60720959786e-18
0.4914 -5.84116949976e-19
0.494 -7.0591179885e-18
0.4966 -1.72695988962e-17
0.4992 -3.09554543321e-17
0.5018 -4.67906691066e-17
0.5044 -6.31683555442e-17
0.507 -7.94908392565e-17
0.5095999999999999 -9.58614317932e-17
0.5122 -1.12393635569e-16
0.5147999999999999 -1.28182104713e-16
0.5174 -1.37960597163e-16
0.52 -1.28966907208e-16
0.5226 -7.99231436969e-17
0.5252 4.02498145134e-17
0.5277999999999999 2.77502816597e-16
0.5304 6.9239903592e-16
0.533 1.34200829669e-15
0.5356 2.24213030446e-15
0.5382 3.32074968279e-15
0.5408 4.38550630815e-15
0.5434 5.120798669e-15
0.5459999999999999 5.1137106973e-15
0.5486 3.88793543801e-15
0.5512 9.40839940339e-16
0.5538 -4.23028921463e-15
0.5564 -1.21620209292e-14
0.5589999999999999 -2.35651647122e-14
0.5616 -3.95591152609e-14
0.5641999999999999 -6.20035164704e-14
0.5668 -9.39386372509e-14
0.5694 -1.40208753895e-13
0.572 -2.0841797255e-13
0.5746 -3.10556213991e-13
0.5771999999999999 -4.65897882339e-13
0.5798 -7.05793442354e-13
0.5824 -1.08105625146e-12
0.585 -1.67244777055e-12
0.5876 -2.60464653318e-12
0.5902 -4.06357846677e-12
0.5928 -6.31608654267e-12
0.5953999999999999 -9.73065811954e-12
0.598 -1.47975104392e-11
0.6006 -2.21454521387e-11
0.6032 -3.25535015611e-11
0.6058 -4.69552868809e-11
0.6083999999999999 -6.64316934795e-11
0.611 -9.21904358409e-11
0.6135999999999999 -1.2552836548e-10
0.6162 -1.67767244541e-10
0.6188 -2.20160806252e-10
0.6214 -2.83765677622e-10
0.624 -3.59260621252e-10
0.6265999999999999 -4.46733317006e-10
0.6292 -5.45399059249e-10
0.6317999999999999 -6.53315179733e-10
0.6344 -7.67089280984e-10
0.637 -8.8159990419e-10
0.6396 -9.89862858347e-10
0.6422 -1.08300191037e-09
0.6447999999999999 -1.1504652786e-09
0.6474 -1.18051413089e-09
0.65 -1.16097553793e-09
0.6526 -1.08029185597e-09
0.6552 -9.28781274112e-10
0.6577999999999999 -7.00016933308e-10
0.6604 -3.92156751516e-10
0.6629999999999999 -9.09156604167e-12
0.6656 4.3881454026e-10
0.6682 9.34550437037e-10
0.6708 1.45490286485e-09
0.6734 1.97165439531e-09
0.6759999999999999 2.45345344041e-09
0.6786 2.86816526085e-09
0.6811999999999999 3.18559312262e-09
0.6838 3.38022654311e-09
0.6864 3.43370620826e-09
0.689 3.33675798103e-09
0.6916 3.09033354462e-09
0.6941999999999999 2.70581068662e-09
0.6968 2.20416263019e-09
0.6994 1.61435531609e-09
0.702 9.70785452026e-10
0.7046 3.10498959877e-10
0.7071999999999999 -3.29857696713e-10
0.7098 -9.17009135293e-10
0.7123999999999999 -1.42332279296e-09
0.715 -1.82863102438e-09
0.7176 -2.12110329301e-09
0.7202 -2.29736141222e-09
0.7228 -2.36181452173e-09
0.7253999999999999 -2.32536301326e-09
0.728 -2.20372875503e-09
0.7305999999999999 -2.01557281976e-09
0.7332 -1.78066028589e-09
0.7358 -1.51822243666e-09
0.7384 -1.24564936144e-09
0.741 -9.77613767716e-10
0.7435999999999999 -7.25582260941e-10
0.7462 -4.97705654467e-10
0.7487999999999999 -2.99031466255e-10
0.7514 -1.31903418743e-10
0.754 3.51927601644e-12
0.7565999999999999 1.08693401502e-10
0.7592 1.86189175189e-10
0.7617999999999999 2.39221531473e-10
0.7644 2.71321853873e-10
0.767 2.86067836086e-10
0.7696 2.86920265324e-10
0.7722 2.77115885794e-10
0.7747999999999999 2.5960544825e-10
0.7774 2.37016628546e-10
0.7799999999999999 2.11633571778e-10
0.7826 1.85379517292e-10
0.7852 1.59804169897e-10
0.7878 1.36080549606e-10
0.7904 1.15009710089e-10
0.7929999999999999 9.7039459801e-11
0.7956 8.23009022044e-11
0.7981999999999999 7.06579239562e-11
0.8008 6.17689926985e-11
0.8034 5.51575590757e-11
0.8059999999999999 5.02819869075e-11
0.8086 4.66008065469e-11
0.8111999999999999 4.36272268312e-11
0.8138 4.09683675873e-11
0.8164 3.83472559262e-11
0.819 3.56078777575e-11
0.8216 3.27042698478e-11
0.8241999999999999 2.96791341503e-11
0.8268 2.66340144384e-11
0.8293999999999999 2.36975161716e-11
0.832 2.09964406972e-11
0.8346 1.86315407547e-11
0.8371999999999999 1.66630875764e-11
0.8398 1.51045564944e-11
0.8423999999999999 1.39254423964e-11
0.845 1.30605162102e-11
0.8475999999999999 1.24236072818e-11
0.8502 1.19228958304e-11
0.8528 1.1475036199e-11
0.8553999999999999 1.10159763256e-11
0.858 1.05070778467e-11
0.8605999999999999 9.93601728672e-12
0.8632 9.313052933e-12
0.8658 8.66403390004e-12
0.8684 8.02177855391e-12
0.871 7.41775044166e-12
0.8735999999999999 6.87561639567e-12
0.8762 6.40756545045e-12
0.8787999999999999 6.01371036302e-12
0.8814 5.68432627357e-12
0.884 5.40385618197e-12
0.8865999999999999 5.15575256099e-12
0.8892 4.9266684482e-12
0.8917999999999999 4.70921565632e-12
0.8944 4.50275754182e-12
0.8969999999999999 4.31203163453e-12
0.8996 4.14432550777e-12
0.9022 4.00584686949e-12
0.9047999999999999 3.89832263692e-12
0.9074 3.81679583772e-12
0.9099999999999999 3.74913728535e-12
0.9126 3.67756346209e-12
0.9152 3.58187004362e-12
0.9178 3.44377391187e-12
0.9204 3.25140782353e-12
0.9229999999999999 3.00296940092e-12
0.9256 2.70859636803e-12
0.9281999999999999 2.38992159396e-12
0.9308 2.07713013456e-12
0.9334 1.80397276978e-12
0.9359999999999999 1.60167018537e-12
0.9386 1.49283970602e-12
0.9411999999999999 1.48667536615e-12
0.9438 1.57640914211e-12
0.9463999999999999 1.73957723226e-12
0.949 1.94118939673e-12
0.9516 2.13925752113e-12
0.9541999999999999 2.29179435846e-12
0.9568 2.36390941544e-12
0.9593999999999999 2.3338397187e-12
0.962 2.1966855418e-12
0.9645999999999999 1.96527950164e-12
0.9672 1.66792014228e-12
0.9698 1.34352945436e-12
0.9723999999999999 1.03496291398e-12
0.975 7.81808103499e-13
0.9775999999999999 6.13876950575e-13
0.9802 5.46575100718e-13
0.9828 5.78918315196e-13
0.9853999999999999 6.94424335743e-13
0.988 8.64627976421e-13
0.9905999999999999 1.05443084819e-12
0.9932 1.22825968146e-12
0.9957999999999999 1.35589022648e-12
0.9984 1.41693601297e-12
1.001 1.40335746496e-12
1.0036 1.31967527184e-12
1.0062 1.18104657998e-12
1.0088 1.00970534017e-12
1.0113999999999999 8.30538058032e-13
1.014 6.6671505556e-13
1.0166 5.36112224492e-13
1.0191999999999999 4.49208487248e-13
1.0218 4.08568036174e-13
1.0244 4.09879703962e-13
1.027 4.44067471597e-13
1.0295999999999998 4.99855528063e-13
1.0322 5.66150425152e-13
1.0348 6.33745334856e-13
1.0373999999999999 6.96055734752e-13
1.04 7.48912975905e-13
1.0426 7.89667268207e-13
1.0452 8.16013706259e-13
1.0477999999999998 8.25053350292e-13
1.0504 8.12929205288e-13
1.053 7.75302619414e-13
1.0555999999999999 7.08597839693e-13
1.0582 6.11744704372e-13
1.0608 4.87887833432e-13
1.0634 3.45588195647e-13
1.066 1.98939768738e-13
1.0686 6.63616839432e-14
1.0712 -3.18949409256e-14
1.0737999999999999 -7.72214323735e-14
1.0764 -5.64252827405e-14
1.079 3.4902311076e-14
1.0816 1.90246310459e-13
1.0842 3.91810119505e-13
1.0868 6.12241865278e-13
1.0894 8.18272804116e-13
1.0919999999999999 9.75819251792e-13
1.0946 1.05561479696e-12
1.0972 1.03851822975e-12
1.0997999999999999 9.19437269375e-13
1.1024 7.09113215196e-13
1.105 4.33273696868e-13
1.1076 1.29340928159e-13
1.1101999999999999 -1.59112577714e-13
1.1128 -3.89094735164e-13
1.1154 -5.2510166354e-13
1.1179999999999999 -5.45085515353e-13
1.1206 -4.44313477069e-13
1.1232 -2.36610698482e-13
1.1258 4.74313208881e-14
1.1283999999999998 3.64948522791e-13
1.131 6.6739907871e-13
1.1336 9.08040407189e-13
1.1361999999999999 1.04930387296e-12
1.1388 1.06871456129e-12
1.1414 9.62487034517e-13
1.144 7.46196941043e-13
1.1465999999999998 4.52407913649e-13
1.1492 1.25732378068e-13
1.1518 -1.84039361441e-13
1.1543999999999999 -4.29564858077e-13
1.157 -5.73264742967e-13
1.1596 -5.93144999263e-13
1.1622 -4.86306958244e-13
1.1648 -2.69579877085e-13
1.1674 2.28391998781e-14
1.17 3.44430755618e-13
1.1725999999999999 6.43413111418e-13
1.1752 8.70801911482e-13
1.1778 9.88088083576e-13
1.1804 9.73642173829e-13
1.183 8.26520275832e-13
1.1856 5.6709259684e-13
1.1882 2.34342439117e-13
1.1907999999999999 -1.19953634699e-13
1.1934 -4.39231333596e-13
1.196 -6.71198339963e-13
1.1985999999999999 -7.76411053505e-13
1.2012 -7.35028411834e-13
1.2038 -5.504989368e-13
1.2064 -2.49551356142e-13
1.2089999999999999 1.21659030506e-13
1.2116 5.04731835754e-13
1.2142 8.38315853367e-13
1.2167999999999999 1.06811521433e-12
1.2194 1.15575344434e-12
1.222 1.08521091419e-12
1.2246 8.65587115872e-13
1.2271999999999998 5.29759125022e-13
1.2298 1.29068142892e-13
1.2324 -2.74824650884e-13
1.2349999999999999 -6.19928912891e-13
1.2376 -8.53771589017e-13
1.2402 -9.41617443739e-13
1.2428 -8.7174419159e-13
1.2453999999999998 -6.56849141051e-13
1.248 -3.31624755868e-13
1.2506 5.31564945056e-14
1.2531999999999999 4.38846983926e-13
1.2558 7.68141843535e-13
1.2584 9.93602769506e-13
1.261 1.08445630947e-12
1.2635999999999998 1.03052202188e-12
1.2662 8.42938186699e-13
1.2688 5.51738721984e-13
1.2713999999999999 2.00806276988e-13
1.274 -1.58792900704e-13
1.2766 -4.76240520544e-13
1.2792 -7.07949974685e-13
1.2818 -8.23303285356e-13
1.2844 -8.08378212459e-13
1.287 -6.67349964352e-13
1.2895999999999999 -4.2149693024e-13
1.2922 -1.06036056671e-13
1.2948 2.34725867215e-13
1.2973999999999999 5.53328270789e-13
1.3 8.05456721285e-13
1.3026 9.55668703895e-13
1.3052 9.82183084863e-13
1.3077999999999999 8.79841609725e-13
1.3104 6.61022777314e-13
1.313 3.5420819923e-13
1.3155999999999999 4.98294659793e-16
1.3182 -3.51732369359e-13
1.3208 -6.53321472442e-13
1.3234 -8.61064908611e-13
1.3259999999999998 -9.43894268302e-13
1.3286 -8.87468863588e-13
1.3312 -6.96611334155e-13
1.3337999999999999 -3.95072267002e-13
1.3364 -2.25766908152e-14
1.339 3.70434585784e-13
1.3416 7.2977127813e-13
1.3441999999999998 1.00498255551e-12
1.3468 1.15656529492e-12
1.3494 1.16164022845e-12
1.3519999999999999 1.01736587904e-12
1.3546 7.41552598407e-13
1.3572 3.70325027154e-13
1.3598 -4.67083816557e-14
1.3623999999999998 -4.53315065607e-13
1.365 -7.94392438115e-13
1.3676 -1.02375313088e-12
1.3701999999999999 -1.11050578455e-12
1.3728 -1.04351510072e-12
1.3754 -8.33011068978e-13
1.378 -5.09172131541e-13
1.3805999999999998 -1.17771352566e-13
1.3832 2.86389564407e-13
1.3858 6.47542566443e-13
1.3883999999999999 9.17144832302e-13
1.391 1.06106876757e-12
1.3936 1.06453214299e-12
1.3961999999999999 9.33984660445e-13
1.3988 6.95574457407e-13
1.4014 3.90387863095e-13
1.404 6.72582649297e-14
1.4065999999999999 -2.25660798641e-13
1.4092 -4.48962590195e-13
1.4118 -5.78300157327e-13
1.4143999999999999 -6.0763134975e-13
1.417 -5.48943377733e-13
1.4196 -4.28434848362e-13
1.4222 -2.80022316099e-13
1.4247999999999998 -1.3752123355e-13
1.4274 -2.72945321943e-14
1.43 3.71932472071e-14
1.4325999999999999 5.75778032023e-14
1.4352 4.91356223287e-14
1.4378 3.59693930186e-14
1.4404 4.39540981736e-14
1.4429999999999998 9.30785938776e-14
1.4456 1.91020213969e-13
1.4482 3.29549050809e-13
1.4507999999999999 4.84798995653e-13
1.4534 6.21480894091e-13
1.456 7.00374762526e-13
1.4586 6.87482026602e-13
1.4611999999999998 5.62873586716e-13
1.4638 3.27174539631e-13
1.4664 4.03774846132e-15
1.4689999999999999 -3.62091541646e-13
1.4716 -7.12896755517e-13
1.4742 -9.86469586572e-13
1.4768 -1.12909421396e-12
1.4793999999999998 -1.10608570913e-12
1.482 -9.09512049008e-13
1.4846 -5.61130948564e-13
1.4871999999999999 -1.09802412388e-13
1.4898 3.76225092746e-13
1.4924 8.20841387483e-13
1.4949999999999999 1.15328146338e-12
1.4975999999999998 1.32032058897e-12
1.5002 1.29563287182e-12
1.5028 1.08423513223e-12
1.5053999999999998 7.21401508409e-13
1.508 2.66388094309e-13
1.5106 -2.07933388389e-13
1.5131999999999999 -6.27506130824e-13
1.5158 -9.29458766896e-13
1.5184 -1.07215712003e-12
1.521 -1.04139787072e-12
1.5235999999999998 -8.51727542661e-13
1.5262 -5.42952727049e-13
1.5288 -1.72542644235e-13
1.5313999999999999 1.94679342091e-13
1.534 4.97665981775e-13
1.5366 6.89344794354e-13
1.5392 7.44079006309e-13
1.5417999999999998 6.61443122496e-13
1.5444 4.65630951765e-13
1.547 2.00709457734e-13
1.5495999999999999 -7.74454827525e-14
1.5522 -3.11267830087e-13
1.5548 -4.51878226677e-13
1.5574 -4.6819378886e-13
1.5599999999999998 -3.53098843567e-13
1.5626 -1.25561995697e-13
1.5652 1.71725481057e-13
1.5677999999999999 4.79076793427e-13
1.5704 7.29980691779e-13
1.573 8.63104455528e-13
1.5756 8.34244132109e-13
1.5781999999999998 6.26040560538e-13
1.5808 2.53689647414e-13
1.5834 -2.34752267538e-13
1.5859999999999999 -7.63990758677e-13
1.5886 -1.24246012784e-12
1.5912 -1.57729818789e-12
1.5937999999999999 -1.69073262335e-12
1.5963999999999998 -1.53541675901e-12
1.599 -1.10564942618e-12
1.6016 -4.42190067115e-13
1.6041999999999998 3.70642969441e-13
1.6068 1.2158815621e-12
1.6094 1.96104504163e-12
1.6119999999999999 2.47948796911e-12
1.6146 2.6720205909e-12
1.6172 2.4852802108e-12
1.6198 1.9231907733e-12
1.6223999999999998 1.04948862101e-12
1.625 -1.98963397569e-14
1.6276 -1.13347005393e-12
1.6301999999999999 -2.12724976523e-12
1.6328 -2.85096772579e-12
1.6354 -3.19200048338e-12
1.638 -3.0940788126e-12
1.6405999999999998 -2.5667298148e-12
1.6432 -1.68409123452e-12
1.6458 -5.73097179522e-13
1.6483999999999999 6.06479493362e-13
1.651 1.68730307504e-12
1.6536 2.52027999165e-12
1.6562 2.99692996114e-12
1.6587999999999998 3.06446448078e-12
1.6614 2.73150252417e-12
1.664 2.06381179507e-12
1.6665999999999999 1.17127835209e-12
1.6692 1.88728698468e-13
1.6718 -7.46017668214e-13
1.6743999999999999 -1.5128341288e-12
1.6769999999999998 -2.0257250738e-12
1.6796 -2.24221075734e-12
1.6822 -2.16524888297e-12
1.6847999999999999 -1.83771661083e-12
1.6874 -1.33128577606e-12
1.69 -7.32017690821e-13
1.6925999999999999 -1.25880534295e-13
1.6951999999999998 4.13877862104e-13
1.6978 8.35153886151e-13
1.7004 1.11064542979e-12
1.7029999999999998 1.23662625279e-12
1.7056 1.22817381265e-12
1.7082 1.11220060939e-12
1.7107999999999999 9.20178863661e-13
1.7133999999999998 6.82082157682e-13
1.716 4.22548606348e-13
1.7186 1.59743691799e-13
1.7211999999999998 -9.35861631246e-14
1.7238 -3.27574772863e-13
1.7264 -5.32446699578e-13
1.7289999999999999 -6.96500040802e-13
1.7316 -8.05737854909e-13
1.7342 -8.4534381448e-13
1.7368 -8.02855178172e-13
1.7393999999999998 -6.72178621357e-13
1.742 -4.57405218302e-13
1.7446 -1.75216720473e-13
1.7471999999999999 1.44852825481e-13
1.7498 4.63029733912e-13
1.7524 7.34438443221e-13
1.755 9.16116141281e-13
1.7575999999999998 9.74741988513e-13
1.7602 8.93410399914e-13
1.7628 6.76253432592e-13
1.7653999999999999 3.49623541923e-13
1.768 -4.05918550996e-14
1.7706 -4.35419116127e-13
1.7731999999999999 -7.71876106868e-13
1.7757999999999998 -9.93458787457e-13
1.7784 -1.06000017791e-12
1.781 -9.55217675791e-13
1.7835999999999999 -6.90441790113e-13
1.7862 -3.03698147359e-13
1.7888 1.45720133009e-13
1.7913999999999999 5.86570505709e-13
1.7939999999999998 9.47178099842e-13
1.7966 1.16733619299e-12
1.7992 1.20843526158e-12
1.8017999999999998 1.06014242524e-12
1.8044 7.42425869046e-13
1.807 3.02586514872e-13
1.8095999999999999 -1.92200910135e-13
1.8121999999999998 -6.65634702305e-13
1.8148 -1.04452731187e-12
1.8174 -1.27023825486e-12
1.8199999999999998 -1.3079086425e-12
1.8226 -1.15161873093e-12
1.8252 -8.24959837855e-13
1.8277999999999999 -3.76858754706e-13
1.8304 1.26240109945e-13
1.833 6.10788817527e-13
1.8356 1.00728973773e-12
1.8381999999999998 1.26039716858e-12
1.8408 1.33659836671e-12
1.8434 1.22829437593e-12
1.8459999999999999 9.54038063827e-13
1.8486 5.55006019441e-13
1.8512 8.84134345597e-14
1.8538 -3.80921043406e-13
1.8563999999999998 -7.89746089705e-13
1.859 -1.08473820204e-12
1.8616 -1.22931959751e-12
1.8641999999999999 -1.20788969105e-12
1.8668 -1.02720349587e-12
1.8694 -7.14816389673e-13
1.8719999999999999 -3.1488218066e-13
1.8745999999999998 1.1793311553e-13
1.8772 5.25846944113e-13
1.8798 8.55537483305e-13
1.8823999999999999 1.06518526638e-12
1.885 1.12976034777e-12
1.8876 1.04425322556e-12
1.8901999999999999 8.24126791116e-13
1.8927999999999998 5.02991366006e-13
1.8954 1.27674997311e-13
1.898 -2.48495505856e-13
1.9005999999999998 -5.73497141703e-13
1.9032 -8.04171182769e-13
1.9058 -9.12499242833e-13
1.9083999999999999 -8.89500116358e-13
1.9109999999999998 -7.46134328367e-13
1.9136 -5.11033652461e-13
1.9162 -2.25384435507e-13
1.9187999999999998 6.41595609106e-14
1.9214 3.13374109648e-13
1.924 4.87719456835e-13
1.9265999999999999 5.67762254312e-13
1.9291999999999998 5.51710044837e-13
1.9318 4.54755590823e-13
1.9344 3.05316156472e-13
1.9369999999999998 1.3894826045e-13
1.9396 -8.90745607157e-15
1.9422 -1.09836239496e-13
1.9447999999999999 -1.47868371193e-13
1.9474 -1.22225471931e-13
1.95 -4.69788867096e-14
1.9526 5.23301935367e-14
1.9551999999999998 1.44354309322e-13
1.9578 1.98830426949e-13
1.9604 1.93298447995e-13
1.9629999999999999 1.18319416764e-13
1.9656 -1.98556889517e-14
1.9682 -1.99697626057e-13
1.9707999999999999 -3.87942932986e-13
1.9733999999999998 -5.45640193184e-13
1.976 -6.35679172061e-13
1.9786 -6.30385609164e-13
1.9811999999999999 -5.17768499516e-13
1.9838 -3.05168054455e-13
1.9864 -1.94857523942e-14
1.9889999999999999 2.96238402732e-13
1.9915999999999998 5.89537750215e-13
1.9942 8.07331686312e-13
1.9968 9.05342641133e-13
1.9993999999999998 8.56078500189e-13
2.002 6.53640390511e-13
2.0046 3.13700996603e-13
2.0072 -1.32234175866e-13
2.0098 -6.48463379348e-13
2.0124 -1.21143373111e-12
2.015 -1.82968397378e-12
2.0176 -2.56481554745e-12
2.0202 -3.55144906539e-12
2.0227999999999997 -5.01502225164e-12
2.0254 -7.28570242331e-12
2.028 -1.08097272453e-11
2.0305999999999997 -1.61593100012e-11
2.0332 -2.40425457321e-11
2.0358 -3.53172491252e-11
2.0383999999999998 -5.10049641411e-11
2.041 -7.23091170274e-11
2.0436 -1.00626687538e-10
2.0462 -1.3755030448e-10
2.0488 -1.84841753015e-10
2.0514 -2.44378295378e-10
2.054 -3.18032267188e-10
2.0566 -4.07506250966e-10
2.0591999999999997 -5.14094544712e-10
2.0618 -6.38401109754e-10
2.0644 -7.80002729073e-10
2.0669999999999997 -9.37134814194e-10
2.0696 -1.10636166895e-09
2.0722 -1.28237287456e-09
2.0747999999999998 -1.45786827055e-09
2.0774 -1.62368496426e-09
2.08 -1.76901315818e-09
2.0826 -1.88194237971e-09
2.0852 -1.95014626669e-09
2.0878 -1.96173033373e-09
2.0904 -1.90621962659e-09
2.093 -1.77552705871e-09
2.0955999999999997 -1.56484714076e-09
2.0982 -1.27337540512e-09
2.1008 -9.04729180462e-10
2.1033999999999997 -4.6703707568e-10
2.106 2.73322475763e-11
2.1086 5.62477842081e-10
2.1111999999999997 1.11991083074e-09
2.1138 1.68000569012e-09
2.1164 2.22312457332e-09
2.1189999999999998 2.73120526195e-09
2.1216 3.18894688434e-09
2.1242 3.5848324309e-09
2.1268 3.91170118519e-09
2.1294 4.16690326688e-09
2.132 4.35199609683e-09
2.1346 4.47199610676e-09
2.1372 4.53426096669e-09
2.1397999999999997 4.54721416077e-09
2.1424 4.51889548003e-09
2.145 4.45568915097e-09
2.1475999999999997 4.36127578496e-09
2.1502 4.2359182828e-09
2.1528 4.07629485721e-09
2.1553999999999998 3.8757832499e-09
2.158 3.62525010011e-09
2.1606 3.31427618683e-09
2.1632 2.93263791029e-09
2.1658 2.47199238856e-09
2.1684 1.92729587845e-09
2.171 1.29838384488e-09
2.1736 5.90766990882e-10
2.1761999999999997 -1.83852974511e-10
2.1788 -1.00779207202e-09
2.1814 -1.85810589137e-09
2.1839999999999997 -2.70785460721e-09
2.1866 -3.52790396896e-09
2.1892 -4.28890345461e-09
2.1917999999999997 -4.96336483025e-09
2.1944 -5.5276565547e-09
2.197 -5.96385874019e-09
2.1995999999999998 -6.26062757192e-09
2.2022 -6.41408703927e-09
2.2048 -6.4277294598e-09
2.2074 -6.31175822718e-09
2.21 -6.08190120488e-09
2.2125999999999997 -5.75778003054e-09
2.2152 -5.36102007231e-09
2.2178 -4.91334262165e-09
2.2203999999999997 -4.43480274726e-09
2.223 -3.94218346855e-09
2.2256 -3.448230812e-09
2.2281999999999997 -2.96101232422e-09
2.2308 -2.48410980674e-09
2.2334 -2.0171884163e-09
2.2359999999999998 -1.55706225691e-09
2.2386 -1.09903597334e-09
2.2412 -6.38297192879e-10
2.2438 -1.71303110585e-10
2.2464 3.03063574236e-10
2.249 7.82748310613e-10
2.2516 1.26211818774e-09
2.2542 1.73225189748e-09
2.2567999999999997 2.18127205187e-09
2.2594 2.59544785663e-09
2.262 2.96033308977e-09
2.2645999999999997 3.26210769508e-09
2.2672 3.48884965362e-09
2.2698 3.63164520678e-09
2.2723999999999998 3.68545594043e-09
2.275 3.64959173993e-09
2.2776 3.52783091628e-09
2.2802 3.32808403058e-09
2.2828 3.06183678411e-09
2.2854 2.74324452043e-09
2.288 2.38807906783e-09
2.2906 2.0126345035e-09
2.2931999999999997 1.63269309184e-09
2.2958 1.26258070665e-09
2.2984 9.14462505719e-10
2.3009999999999997 5.97881966158e-10
2.3036 3.19509085855e-10
2.3062 8.31896912468e-11
2.3087999999999997 -1.09917491775e-10
2.3114 -2.60851562572e-10
2.314 -3.72465613907e-10
2.3165999999999998 -4.48888037852e-10
2.3192 -4.95029350844e-10
2.3218 -5.16122034e-10
2.3244 -5.1734438955e-10
2.327 -5.03537211927e-10
2.3296 -4.79010164867e-10
2.3322 -4.47440307028e-10
2.3348 -4.11827016933e-10
2.3373999999999997 -3.74534181447e-10
2.34 -3.37339933765e-10
2.3426 -3.01518365831e-10
2.3451999999999997 -2.67928568221e-10
2.3478 -2.37099895273e-10
2.3504 -2.09304823473e-10
2.3529999999999998 -1.84622525601e-10
2.3556 -1.62990579367e-10
2.3582 -1.44241785183e-10
2.3608 -1.28138166744e-10
2.3634 -1.14390635853e-10
2.366 -1.02688663128e-10
2.3686 -9.27132537409e-11
2.3712 -8.41557379339e-11
2.3737999999999997 -7.67317043238e-11
2.3764 -7.01930874536e-11
2.379 -6.43367997766e-11
2.3815999999999997 -5.90085758034e-11
2.3842 -5.41030970025e-11
2.3868 -4.95598839745e-11
2.3893999999999997 -4.53553722357e-11
2.392 -4.14908524204e-11
2.3946 -3.79826725627e-11
2.3971999999999998 -3.48481937751e-11
2.3998 -3.20961174305e-11
2.4024 -2.97190327903e-11
2.405 -2.7689628368e-11
2.4076 -2.59614274523e-11
2.4101999999999997 -2.44731734877e-11
2.4128 -2.31561159136e-11
2.4154 -2.19429197035e-11
2.4179999999999997 -2.077585326e-11
2.4206 -1.96143656872e-11
2.4232 -1.84386811375e-11
2.4257999999999997 -1.72506176011e-11
2.4284 -1.6070575426e-11
2.431 -1.4931861303e-11
2.4335999999999998 -1.3873263649e-11
2.4362 -1.29308222116e-11
2.4388 -1.21307252438e-11
2.4414 -1.14841192111e-11
2.444 -1.09846983939e-11
2.4466 -1.06095705138e-11
2.4492 -1.0322681078e-11
2.4518 -1.00805362321e-11
2.4543999999999997 -9.83855358294e-12
2.457 -9.55738092834e-12
2.4596 -9.20798246679e-12
2.4621999999999997 -8.77494171075e-12
2.4648 -8.25763936396e-12
2.4674 -7.66928534568e-12
2.4699999999999998 -7.03440517641e-12
2.4726 -6.384924707e-12
2.4752 -5.75636500272e-12
2.4778 -5.18366686381e-12
2.4804 -4.69781939044e-12
2.483 -4.32305927167e-12
2.4856 -4.07484549575e-12
2.4882 -3.95848631651e-12
2.4907999999999997 -3.96833607641e-12
2.4934 -4.0876841842e-12
2.496 -4.28932583896e-12
2.4985999999999997 -4.53702266728e-12
2.5012 -4.78791919306e-12
2.5038 -4.99611983729e-12
2.5063999999999997 -5.1169814913e-12
2.509 -5.11224135941e-12
2.5116 -4.95510490278e-12
2.5141999999999998 -4.63473877332e-12
2.5168 -4.1593499478e-12
2.5194 -3.55716671396e-12
2.522 -2.87479848954e-12
2.5246 -2.17293197324e-12
2.5271999999999997 -1.519720981e-12
2.5298 -9.82132777883e-13
2.5324 -6.1743801261e-13
2.5349999999999997 -4.64747923305e-13
2.5376 -5.38838125595e-13
2.5402 -8.27003125269e-13
2.5427999999999997 -1.28954746187e-12
2.5454 -1.86409134656e-12
2.548 -2.47312326868e-12
2.5505999999999998 -3.03383099892e-12
2.5532 -3.46897337244e-12
2.5558 -3.71710995317e-12
2.5584 -3.74095806416e-12
2.561 -3.5323341474e-12
2.5636 -3.11334465153e-12
2.5662 -2.53331817329e-12
2.5688 -1.86194202417e-12
2.5713999999999997 -1.17963971924e-12
2.574 -5.66529353811e-13
2.5766 -9.14190056121e-14
2.5791999999999997 1.9740323742e-13
2.5818 2.78393193914e-13
2.5844 1.59107807225e-13
2.5869999999999997 -1.25790653935e-13
2.5896 -5.20262001882e-13
2.5922 -9.55797073432e-13
2.5947999999999998 -1.36197390171e-12
2.5974 -1.67711157462e-12