t                   x  y
0.0                 0 5.99859158558e-39
0.0026              1 -6.37529144135e-39
0.0052              2 -6.27297143009e-39
0.0078              3 6.4275374533e-39
0.0104              4 7.5906908488e-39
0.013               5 -6.96219727717e-39
0.0156              6 -1.0136707226e-38
0.0182              7 8.67805922076e-39
0.0208              8 1.05177763304e-38
0.0233999999999999979 -6.1398284578e-39
0.026               10 8.73805721581e-39
0.0286              11 -6.21164892773e-38
0.0312              12 -2.20556054572e-38
0.0338              13 2.87734017087e-37
0.0364              14 -7.68576558649e-38
0.039               15 -8.02617842617e-37
0.0416              16 6.22892458361e-37
0.04419999999999999617 1.60687293994e-36
0.04679999999999999418 -2.26464468117e-36
0.0494              19 -2.28807636452e-36
0.052               20 6.05134289454e-36
0.05459999999999999621 1.55505404377e-36
0.0572              22 -1.36229348973e-35
0.0598              23 3.77694858401e-36
0.0624              24 2.75572610031e-35
0.065               25 -2.14407414525e-35
0.0676              26 -5.09487491061e-35
0.0702              27 6.96461232202e-35
0.0728              28 8.28505293232e-35
0.0754              29 -1.8625581715e-34
0.078               30 -1.04060706283e-34
0.08059999999999999 31 4.35921978098e-34
0.0832              32 5.09582999977e-35
0.0858              33 -9.05474482231e-34
0.08839999999999999 34 2.14715430779e-34
0.091               35 1.68154705657e-33
0.09359999999999999 36 -9.22523925764e-34
0.0962              37 -2.81423890302e-33
0.0988              38 2.37682533279e-33
0.10139999999999999 39 4.26649201114e-33
0.104               40 -4.87223306633e-33
0.1066              41 -5.82070125444e-33
0.10919999999999999 42 8.43100400987e-33
0.1118              43 6.91087528654e-33
0.1144              44 -1.21586523493e-32
0.11699999999999999 45 -6.37410930113e-33
0.1196              46 1.30854532378e-32
0.12219999999999999 47 1.93466533678e-33
0.1248              48 -4.69031649933e-33
0.12739999999999999 49 1.14645582e-32
0.13                50 -2.42034551321e-32
0.1326              51 -4.64595745676e-32
0.1352              52 8.87762015803e-32
0.1378              53 1.3384484307e-31
0.1404              54 -2.02869024994e-31
0.143               55 -3.40663670142e-31
0.1456              56 3.62595761621e-31
0.1482              57 7.94042108161e-31
0.1508              58 -5.07150298623e-31
0.15339999999999998 59 -1.701730634e-30
0.156               60 4.40152621939e-31
0.1586              61 3.3468095873e-30
0.16119999999999998 62 3.00270016706e-31
0.1638              63 -6.00829656412e-30
0.1664              64 -2.60460583961e-30
0.16899999999999998 65 9.72212896582e-30
0.1716              66 7.89708314397e-30
0.1742              67 -1.37929445198e-29
0.17679999999999998 68 -1.79493541181e-29
0.1794              69 1.61142799188e-29
0.182               70 3.39934940757e-29
0.1846              71 -1.2821144344e-29
0.18719999999999998 72 -5.47864356084e-29
0.1898              73 -3.17291645103e-31
0.1924              74 7.42418910171e-29
0.19499999999999998 75 2.24583533409e-29
0.1976              76 -8.20193618745e-29
0.2002              77 -3.67887406488e-29
0.20279999999999998 78 7.52571088761e-29
0.2054              79 -9.58381860779e-31
0.208               80 -9.34615885265e-29
0.21059999999999998 81 1.54557731745e-28
0.2132              82 2.81634706151e-28
0.2158              83 -4.38663670829e-28
0.21839999999999998 84 -9.52998669917e-28
0.221               85 6.41123589559e-28
0.2236              86 2.55478362686e-27
0.22619999999999998 87 -3.66634468688e-29
0.2288              88 -5.37231224639e-27
0.2314              89 -2.86396202011e-27
0.23399999999999999 90 8.83989518522e-27
0.23659999999999998 91 1.01917100354e-26
0.2392              92 -1.0573521795e-26
0.2418              93 -2.38419280278e-26
0.24439999999999998 94 5.62437179454e-27
0.247               95 4.38044723167e-26
0.2496              96 1.34979986525e-26
0.2522              97 -6.61664972863e-26
0.25479999999999997 98 -5.62409507692e-26
0.25739999999999996 99 8.06602386979e-26
0.26                100 1.33735392047e-25
0.2626              101 -6.46783604924e-26
0.2652              102 -2.56393845782e-25
0.2678              103 -3.16391124151e-26
0.2704              104 4.15320524761e-25
0.27299999999999996 105 3.04274941715e-25
0.2756              106 -5.20818936528e-25
0.2782              107 -8.74913008206e-25
0.2808              108 2.92334250016e-25
0.2834              109 1.73513427091e-24
0.286               110 7.99937991445e-25
0.28859999999999997 111 -2.38195603698e-24
0.2912              112 -3.26416679742e-24
0.2938              113 1.42148238614e-24
0.2964              114 6.67274878305e-24
0.299               115 3.18115338665e-24
0.3016              116 -8.3093038398e-24
0.30419999999999997 117 -1.22334529698e-23
0.30679999999999996 118 2.82627247552e-24
0.3094              119 2.17878585748e-23
0.312               120 1.45797524938e-23
0.3146              121 -2.0708103633e-23
0.3172              122 -4.04290582837e-23
0.3198              123 -4.99205301434e-24
0.32239999999999996 124 5.53631039873e-23
0.325               125 5.72918121026e-23
0.3276              126 -2.83193870563e-23
0.3302              127 -1.08069438042e-22
0.3328              128 -5.79330865988e-23
0.3354              129 9.96422957377e-23
0.33799999999999997 130 1.70264645448e-22
0.34059999999999996 131 1.5495891373e-23
0.3432              132 -2.1595149322e-22
0.3458              133 -2.09373844774e-22
0.3484              134 9.94154319631e-23
0.351               135 3.50261714009e-22
0.35359999999999997 136 1.72346670258e-22
0.35619999999999996 137 -2.76500467824e-22
0.3588              138 -4.30727444851e-22
0.3614              139 -4.80361638996e-23
0.364               140 4.30727242902e-22
0.3666              141 4.279336908e-22
0.3692              142 -5.96820227801e-23
0.37179999999999996 143 -5.10148294714e-22
0.37439999999999996 144 -4.83586628594e-22
0.377               145 3.35103316264e-23
0.3796              146 6.88498007135e-22
0.3822              147 8.60615996083e-22
0.3848              148 1.4144591575e-23
0.38739999999999997 149 -1.40463790234e-21
0.38999999999999996 150 -1.68348783775e-21
0.3926              151 3.76012153439e-22
0.3952              152 3.10361174861e-21
0.3978              153 2.78065850587e-21
0.4004              154 -1.80420551814e-21
0.40299999999999997 155 -6.17626682825e-21
0.40559999999999996 156 -3.89888350553e-21
0.4082              157 4.90191108408e-21
0.4108              158 1.07556130164e-20
0.4134              159 4.334449028e-21
0.416               160 -1.09388593714e-20
0.41859999999999997 161 -1.88879810475e-20
0.42119999999999996 162 -6.34990043988e-21
0.42379999999999995 163 1.89687345548e-20
0.4264              164 2.84810789546e-20
0.429               165 -6.35117468374e-23
0.4316              166 -4.92988788336e-20
0.4342              167 -6.78256049045e-20
0.43679999999999997 168 -2.55187933159e-20
0.43939999999999996 169 3.69727988008e-20
0.442               170 2.97719524617e-20
0.4446              171 -1.03434334408e-19
0.4472              172 -3.27098802163e-19
0.4498              173 -5.46609375678e-19
0.45239999999999997 174 -7.30261307746e-19
0.45499999999999996 175 -1.0446844459e-18
0.4576              176 -1.87156727343e-18
0.4602              177 -3.6784390968e-18
0.4628              178 -6.9095744871e-18
0.4654              179 -1.2137683522e-17
0.46799999999999997 180 -2.05013472273e-17
0.47059999999999996 181 -3.42130901077e-17
0.47319999999999995 182 -5.72535774131e-17
0.4758              183 -9.65424992223e-17
0.4784              184 -1.63978921439e-16
0.481               185 -2.80079914339e-16
0.4836              186 -4.80716820313e-16
0.48619999999999997 187 -8.29900858863e-16
0.48879999999999996 188 -1.44373123618e-15
0.4914              189 -2.53294572613e-15
0.494               190 -4.47421437465e-15
0.4966              191 -7.92975643374e-15
0.4992              192 -1.40498337519e-14
0.5018              193 -2.48071589583e-14
0.5044              194 -4.353741895e-14
0.507               195 -7.57924539102e-14
0.5095999999999999  196 -1.30666040054e-13
0.5122              197 -2.22808371145e-13
0.5147999999999999  198 -3.75425168384e-13
0.5174              199 -6.24668773739e-13
0.52                200 -1.02588163658e-12
0.5226              201 -1.66238637439e-12
0.5252              202 -2.6574306991e-12
0.5277999999999999  203 -4.19015083047e-12
0.5304              204 -6.51616954839e-12
0.533               205 -9.99387465145e-12
0.5356              206 -1.51157836248e-11
0.5382              207 -2.25457152947e-11
0.5408              208 -3.31594612879e-11
0.5434              209 -4.80884498888e-11
0.5459999999999999  210 -6.87581241943e-11
0.5486              211 -9.69189589695e-11
0.5512              212 -1.34661962137e-10
0.5538              213 -1.84399148728e-10
0.5564              214 -2.48807863201e-10
0.5589999999999999  215 -3.30715010932e-10
0.5616              216 -4.32920810312e-10
0.5641999999999999  217 -5.57924817457e-10
0.5668              218 -7.07577774151e-10
0.5694              219 -8.82661943535e-10
0.572               220 -1.08236930529e-09
0.5746              221 -1.30377042495e-09
0.5771999999999999  222 -1.54130352925e-09
0.5798              223 -1.78628689618e-09
0.5824              224 -2.02663330562e-09
0.585               225 -2.24677165761e-09
0.5876              226 -2.42791675653e-09
0.5902              227 -2.54868437466e-09
0.5928              228 -2.58619792248e-09
0.5953999999999999  229 -2.51761478332e-09
0.598               230 -2.32204810935e-09
0.6006              231 -1.98279681562e-09
0.6032              232 -1.4897030276e-09
0.6058              233 -8.41347436165e-10
0.6083999999999999  234 -4.70140870679e-11
0.611               235 8.72080407888e-10
0.6135999999999999  236 1.88249460464e-09
0.6162              237 2.93914892424e-09
0.6188              238 3.98729227413e-09
0.6214              239 4.96569541042e-09
0.624               240 5.81061598837e-09
0.6265999999999999  241 6.46081232958e-09
0.6292              242 6.86272372263e-09
0.6317999999999999  243 6.97562541063e-09
0.6344              244 6.77595224374e-09
0.637               245 6.26059204478e-09
0.6396              246 5.44840261796e-09
0.6422              247 4.38002345504e-09
0.6447999999999999  248 3.11552694754e-09
0.6474              249 1.73035030748e-09
0.65                250 3.09470893356e-10
0.6526              251 -1.05907349557e-09
0.6552              252 -2.29136287722e-09
0.6577999999999999  253 -3.31442651103e-09
0.6604              254 -4.07183620155e-09
0.6629999999999999  255 -4.52803305961e-09
0.6656              256 -4.67057148512e-09
0.6682              257 -4.51019133152e-09
0.6708              258 -4.07885991649e-09
0.6734              259 -3.426003925e-09
0.6759999999999999  260 -2.61327226525e-09
0.6786              261 -1.70869229876e-09
0.6811999999999999  262 -7.80527642519e-10
0.6838              263 1.08302547486e-10
0.6864              264 9.04928798562e-10
0.689               265 1.56966550868e-09
0.6916              266 2.07777417494e-09
0.6941999999999999  267 2.41958653113e-09
0.6968              268 2.59910670763e-09
0.6994              269 2.63158428382e-09
0.702               270 2.54026200075e-09
0.7046              271 2.35278529992e-09
0.7071999999999999  272 2.09768780124e-09
0.7098              273 1.80130776961e-09
0.7123999999999999  274 1.48536360989e-09
0.715               275 1.16548592999e-09
0.7176              276 8.50616910242e-10
0.7202              277 5.43315392676e-10
0.7228              278 2.40899744597e-10
0.7253999999999999  279 -6.29145902042e-11
0.728               280 -3.76001008107e-10
0.7305999999999999  281 -7.05786540323e-10
0.7332              282 -1.05732822497e-09
0.7358              283 -1.43186706936e-09
0.7384              284 -1.82596004983e-09
0.741               285 -2.231202334e-09
0.7435999999999999  286 -2.63470978368e-09
0.7462              287 -3.02022895582e-09
0.7487999999999999  288 -3.36962746594e-09
0.7514              289 -3.66476271552e-09
0.754               290 -3.88933685258e-09
0.7565999999999999  291 -4.03059985388e-09
0.7592              292 -4.08058653534e-09
0.7617999999999999  293 -4.03687749895e-09
0.7644              294 -3.90265597616e-09
0.767               295 -3.68620423075e-09
0.7696              296 -3.39981265363e-09
0.7722              297 -3.05836533876e-09
0.7747999999999999  298 -2.67770206008e-09
0.7774              299 -2.27312124679e-09
0.7799999999999999  300 -1.85807702557e-09
0.7826              301 -1.44327216844e-09
0.7852              302 -1.03634523185e-09
0.7878              303 -6.41969366555e-10
0.7904              304 -2.62393218264e-10
0.7929999999999999  305 1.01632507965e-10
0.7956              306 4.49883241771e-10
0.7981999999999999  307 7.81676723349e-10
0.8008              308 1.09514064484e-09
0.8034              309 1.3867305082e-09
0.8059999999999999  310 1.65120628282e-09
0.8086              311 1.88198767681e-09
0.8111999999999999  312 2.07178985079e-09
0.8138              313 2.21354246044e-09
0.8164              314 2.30136798507e-09
0.819               315 2.33151631335e-09
0.8216              316 2.30309638027e-09
0.8241999999999999  317 2.21854379312e-09
0.8268              318 2.08371719879e-09
0.8293999999999999  319 1.90765470087e-09
0.832               320 1.70198344307e-09
0.8346              321 1.48007162082e-09
0.8371999999999999  322 1.25598531575e-09
0.8398              323 1.04342778862e-09
0.8423999999999999  324 8.54674331308e-10
0.845               325 6.99644342461e-10
0.8475999999999999  326 5.85230974792e-10
0.8502              327 5.14845277522e-10
0.8528              328 4.88282525524e-10
0.8553999999999999  329 5.01872321479e-10
0.858               330 5.48907141962e-10
0.8605999999999999  331 6.20290263598e-10
0.8632              332 7.05367764198e-10
0.8658              333 7.92844234709e-10
0.8684              334 8.71738237151e-10
0.871               335 9.32289800915e-10
0.8735999999999999  336 9.66727364826e-10
0.8762              337 9.69865521228e-10
0.8787999999999999  338 9.39456956672e-10
0.8814              339 8.76278383188e-10
0.884               340 7.83942910587e-10
0.8865999999999999  341 6.68462396547e-10
0.8892              342 5.37579758486e-10
0.8917999999999999  343 3.99988042687e-10
0.8944              344 2.6445290402e-10
0.8969999999999999  345 1.38977204744e-10
0.8996              346 3.00550972998e-11
0.9022              347 -5.78574133048e-11
0.9047999999999999  348 -1.22667195845e-10
0.9074              349 -1.6469840769e-10
0.9099999999999999  350 -1.86477805419e-10
0.9126              351 -1.92313540093e-10
0.9152              352 -1.87700799348e-10
0.9178              353 -1.78637590831e-10
0.9204              354 -1.70932309973e-10
0.9229999999999999  355 -1.69578268094e-10
0.9256              356 -1.78260461947e-10
0.9281999999999999  357 -1.99040797733e-10
0.9308              358 -2.32240213172e-10
0.9334              359 -2.7652258261e-10
0.9359999999999999  360 -3.29141824906e-10
0.9386              361 -3.86328080637e-10
0.9411999999999999  362 -4.4374637298e-10
0.9438              363 -4.9699067084e-10
0.9463999999999999  364 -5.42035305529e-10
0.949               365 -5.75632652655e-10
0.9516              366 -5.95605564868e-10
0.9541999999999999  367 -6.01015015533e-10
0.9568              368 -5.92211835126e-10
0.9593999999999999  369 -5.70767877406e-10
0.962               370 -5.39301936442e-10
0.9645999999999999  371 -5.0123105666e-10
0.9672              372 -4.60462779017e-10
0.9698              373 -4.21055412758e-10
0.9723999999999999  374 -3.8688563464e-10
0.975               375 -3.61326968346e-10
0.9775999999999999  376 -3.46974005083e-10
0.9802              377 -3.45426132142e-10
0.9828              378 -3.57143647989e-10
0.9853999999999999  379 -3.81383147285e-10
0.988               380 -4.16222833977e-10
0.9905999999999999  381 -4.58664661807e-10
0.9932              382 -5.04818631342e-10
0.9957999999999999  383 -5.50155476731e-10
0.9984              384 -5.89795101646e-10
1.001               385 -6.18832984856e-10
1.0036              386 -6.32665697609e-10
1.0062              387 -6.27292662259e-10
1.0088              388 -5.99573724003e-10
1.0113999999999999  389 -5.47430545339e-10
1.014               390 -4.69960070859e-10
1.0166              391 -3.6748715182e-10
1.0191999999999999  392 -2.41523023803e-10
1.0218              393 -9.46707712224e-11
1.0244              394 6.95402069262e-11
1.027               395 2.46811682203e-10
1.0295999999999998  396 4.32273550288e-10
1.0322              397 6.20676177121e-10
1.0348              398 8.06519961927e-10
1.0373999999999999  399 9.84198056386e-10
1.04                400 1.14811471441e-09
1.0426              401 1.29275856686e-09
1.0452              402 1.41280520616e-09
1.0477999999999998  403 1.50325596415e-09
1.0504              404 1.55956603187e-09
1.053               405 1.57787072297e-09
1.0555999999999999  406 1.55520418765e-09
1.0582              407 1.48977474801e-09
1.0608              408 1.38122202564e-09
1.0634              409 1.23083832015e-09
1.066               410 1.04175468252e-09
1.0686              411 8.18939582814e-10
1.0712              412 5.69110536475e-10
1.0737999999999999  413 3.00520719421e-10
1.0764              414 2.24605750665e-11
1.079               415 -2.5519053537e-10
1.0816              416 -5.22691667726e-10
1.0842              417 -7.71065877814e-10
1.0868              418 -9.92698589997e-10
1.0894              419 -1.18193366205e-09
1.0919999999999999  420 -1.33538491376e-09
1.0946              421 -1.45205869551e-09
1.0972              422 -1.53329748898e-09
1.0997999999999999  423 -1.58241619808e-09
1.1024              424 -1.60417035211e-09
1.105               425 -1.60409596717e-09
1.1076              426 -1.58776458647e-09
1.1101999999999999  427 -1.56008672647e-09
1.1128              428 -1.52471257842e-09
1.1154              429 -1.48364054375e-09
1.1179999999999999  430 -1.43704181887e-09
1.1206              431 -1.38335964905e-09
1.1232              432 -1.31966171324e-09
1.1258              433 -1.24217147679e-09
1.1283999999999998  434 -1.1469523109e-09
1.131               435 -1.03065178614e-09
1.1336              436 -8.91155593763e-10
1.1361999999999999  437 -7.28141991146e-10
1.1388              438 -5.43456391e-10
1.1414              439 -3.41157546657e-10
1.144               440 -1.27371752034e-10
1.1465999999999998  441 9.00915592128e-11
1.1492              442 3.02416758302e-10
1.1518              443 5.00504082623e-10
1.1543999999999999  444 6.75746569812e-10
1.157               445 8.20872925189e-10
1.1596              446 9.30546750766e-10
1.1622              447 1.00190966634e-09
1.1648              448 1.03482644676e-09
1.1674              449 1.03191610812e-09
1.17                450 9.98352733816e-10
1.1725999999999999  451 9.41429378898e-10
1.1752              452 8.69976313211e-10
1.1778              453 7.9362783012e-10
1.1804              454 7.2206418622e-10
1.183               455 6.64260202399e-10
1.1856              456 6.27773166784e-10
1.1882              457 6.18182172119e-10
1.1907999999999999  458 6.38665786923e-10
1.1934              459 6.89762247319e-10
1.196               460 7.69333263761e-10
1.1985999999999999  461 8.72693695086e-10
1.2012              462 9.92966153746e-10
1.2038              463 1.12152553911e-09
1.2064              464 1.24863897e-09
1.2089999999999999  465 1.3641332508e-09
1.2116              466 1.4580965324e-09
1.2142              467 1.52161683253e-09
1.2167999999999999  468 1.54739865366e-09
1.2194              469 1.53029211525e-09
1.222               470 1.46767042963e-09
1.2246              471 1.35959932202e-09
1.2271999999999998  472 1.20884036114e-09
1.2298              473 1.0205885026e-09
1.2324              474 8.02060418081e-10
1.2349999999999999  475 5.61961144285e-10
1.2376              476 3.0973534848e-10
1.2402              477 5.49503914593e-11
1.2428              478 -1.93464133602e-10
1.2453999999999998  479 -4.27750945775e-10
1.248               480 -6.41712682992e-10
1.2506              481 -8.31004820512e-10
1.2531999999999999  482 -9.93115811809e-10
1.2558              483 -1.12717324363e-09
1.2584              484 -1.23365428983e-09
1.261               485 -1.31391808544e-09
1.2635999999999998  486 -1.36972699849e-09
1.2662              487 -1.40282874206e-09
1.2688              488 -1.41459977065e-09
1.2713999999999999  489 -1.40585276753e-09
1.274               490 -1.37681244183e-09
1.2766              491 -1.3272505317e-09
1.2792              492 -1.25677934726e-09
1.2818              493 -1.16520837423e-09
1.2844              494 -1.05297748298e-09
1.287               495 -9.21502207873e-10
1.2895999999999999  496 -7.73455743897e-10
1.2922              497 -6.12922157472e-10
1.2948              498 -4.45306680419e-10
1.2973999999999999  499 -2.7712632189e-10
1.3                 500 -1.15642648235e-10
1.3026              501 3.17024462237e-11
1.3052              502 1.57845569948e-10
1.3077999999999999  503 2.56678456267e-10
1.3104              504 3.23621129894e-10
1.313               505 3.56018325931e-10
1.3155999999999999  506 3.534081916e-10
1.3182              507 3.17611936751e-10
1.3208              508 2.52614373863e-10
1.3234              509 1.64289679083e-10
1.3259999999999998  510 5.99374022636e-11
1.3286              511 -5.22381859991e-11
1.3312              512 -1.637741609e-10
1.3337999999999999  513 -2.66555444384e-10
1.3364              514 -3.53378215578e-10
1.339               515 -4.18465928576e-10
1.3416              516 -4.57809790078e-10
1.3441999999999998  517 -4.69370098344e-10
1.3468              518 -4.53125093003e-10
1.3494              519 -4.10931733086e-10
1.3519999999999999  520 -3.46256801009e-10
1.3546              521 -2.63764787789e-10
1.3572              522 -1.68835029291e-10
1.3598              523 -6.70549865633e-11
1.3623999999999998  524 3.63229862854e-11
1.365               525 1.36796254879e-10
1.3676              526 2.3099622215e-10
1.3701999999999999  527 3.16885628848e-10
1.3728              528 3.93805210663e-10
1.3754              529 4.62395455259e-10
1.378               530 5.24331689178e-10
1.3805999999999998  531 5.81942716238e-10
1.3832              532 6.37777164414e-10
1.3858              533 6.94110546817e-10
1.3883999999999999  534 7.52480078248e-10
1.391               535 8.13319411819e-10
1.3936              536 8.75692407476e-10
1.3961999999999999  537 9.37182109695e-10
1.3988              538 9.93977788966e-10
1.4014              539 1.0411094209e-09
1.404               540 1.07283626427e-09
1.4065999999999999  541 1.08318021219e-09
1.4092              542 1.06650155374e-09
1.4118              543 1.01811448161e-09
1.4143999999999999  544 9.34845534317e-10
1.417               545 8.15527645415e-10
1.4196              546 6.6130878551e-10
1.4222              547 4.75813610734e-10
1.4247999999999998  548 2.65133914823e-10
1.4274              549 3.75278141895e-11
1.43                550 -1.96995975088e-10
1.4325999999999999  551 -4.27251345414e-10
1.4352              552 -6.41678266078e-10
1.4378              553 -8.29115887058e-10
1.4404              554 -9.79606396001e-10
1.4429999999999998  555 -1.0852272414e-09
1.4456              556 -1.14071863067e-09
1.4482              557 -1.14397336048e-09
1.4507999999999999  558 -1.09631570488e-09
1.4534              559 -1.00250541202e-09
1.456               560 -8.70458816138e-10
1.4586              561 -7.10712599883e-10
1.4611999999999998  562 -5.35680388936e-10
1.4638              563 -3.58652885168e-10
1.4664              564 -1.92761279161e-10
1.4689999999999999  565 -4.9929699264e-11
1.4716              566 6.01618893592e-11
1.4742              567 1.30853133884e-10
1.4768              568 1.59042987113e-10
1.4793999999999998  569 1.45427919707e-10
1.482               570 9.43462391545e-11
1.4846              571 1.33083821741e-11
1.4871999999999999  572 -8.78137978999e-11
1.4898              573 -1.97777724753e-10
1.4924              574 -3.05143244006e-10
1.4949999999999999  575 -3.99403843332e-10
1.4975999999999998  576 -4.71998884422e-10
1.5002              577 -5.17137443978e-10
1.5028              578 -5.32258237484e-10
1.5053999999999998  579 -5.18143750128e-10
1.508               580 -4.78662887105e-10
1.5106              581 -4.20160350956e-10
1.5131999999999999  582 -3.50601769838e-10
1.5158              583 -2.78530976061e-10
1.5184              584 -2.12014003576e-10
1.521               585 -1.57678092805e-10
1.5235999999999998  586 -1.19924375985e-10
1.5262              587 -1.00465163966e-10
1.5288              588 -9.8190400255e-11
1.5313999999999999  589 -1.0938190631e-10
1.534               590 -1.28251687048e-10
1.5366              591 -1.47726109123e-10
1.5392              592 -1.60372812252e-10
1.5417999999999998  593 -1.59356930429e-10
1.5444              594 -1.39316752579e-10
1.547               595 -9.70399038902e-11
1.5495999999999999  596 -3.18875481575e-11
1.5522              597 5.41138939214e-11
1.5548              598 1.56482563018e-10
1.5574              599 2.68755684374e-10
1.5599999999999998  600 3.83227671819e-10
1.5626              601 4.91768847866e-10
1.5652              602 5.86666271118e-10
1.5677999999999999  603 6.61436683203e-10
1.5704              604 7.11423808752e-10
1.573               605 7.34187599605e-10
1.5756              606 7.29653892861e-10
1.5781999999999998  607 6.99984514796e-10
1.5808              608 6.49232667627e-10
1.5834              609 5.82823567186e-10
1.5859999999999999  610 5.06956032709e-10
1.5886              611 4.27948565473e-10
1.5912              612 3.51664253273e-10
1.5937999999999999  613 2.83049805816e-10
1.5963999999999998  614 2.25784418939e-10
1.599               615 1.82128784276e-10
1.6016              616 1.52921203478e-10
1.6041999999999998  617 1.37688846436e-10
1.6068              618 1.34878025415e-10
1.6094              619 1.42128864233e-10
1.6119999999999999  620 1.56569243681e-10
1.6146              621 1.7509661776e-10
1.6172              622 1.94617377769e-10
1.6198              623 2.12249801068e-10
1.6223999999999998  624 2.25465646153e-10
1.625               625 2.32203159478e-10
1.6276              626 2.30936797463e-10
1.6301999999999999  627 2.20727852662e-10
1.6328              628 2.01254596321e-10
1.6354              629 1.72821701394e-10
1.638               630 1.36355038372e-10
1.6405999999999998  631 9.33542410042e-11
1.6432              632 4.58195842379e-11
1.6458              633 -3.8546353609e-12
1.6483999999999999  634 -5.30471361282e-11
1.651               635 -9.90872245366e-11
1.6536              636 -1.39451103442e-10
1.6562              637 -1.71977057595e-10
1.6587999999999998  638 -1.95029728478e-10
1.6614              639 -2.07648342965e-10
1.664               640 -2.09617434521e-10
1.6665999999999999  641 -2.01478417283e-10
1.6692              642 -1.84470425046e-10
1.6718              643 -1.60407298555e-10
1.6743999999999999  644 -1.31515742741e-10
1.6769999999999998  645 -1.00235306166e-10
1.6796              646 -6.90242168977e-11
1.6822              647 -4.01842309428e-11
1.6847999999999999  648 -1.57057561401e-11
1.6874              649 2.8290035245e-12
1.69                650 1.42986638155e-11
1.6925999999999999  651 1.80579162734e-11
1.6951999999999998  652 1.39068140684e-11
1.6978              653 2.04142085181e-12
1.7004              654 -1.70134878408e-11
1.7029999999999998  655 -4.24680984823e-11
1.7056              656 -7.33372529371e-11
1.7082              657 -1.08494616069e-10
1.7107999999999999  658 -1.4671418247e-10
1.7133999999999998  659 -1.86720430784e-10
1.716               660 -2.27219992821e-10
1.7186              661 -2.66929811588e-10
1.7211999999999998  662 -3.04622993497e-10
1.7238              663 -3.39154260232e-10
1.7264              664 -3.69485109175e-10
1.7289999999999999  665 -3.94717147856e-10
1.7316              666 -4.1410186391e-10
1.7342              667 -4.27044843931e-10
1.7368              668 -4.33107549824e-10
1.7393999999999998  669 -4.3199688271e-10
1.742               670 -4.23556079099e-10
1.7446              671 -4.07758715681e-10
1.7471999999999999  672 -3.84715814761e-10
1.7498              673 -3.54685836257e-10
1.7524              674 -3.18099990793e-10
1.755               675 -2.75601319544e-10
1.7575999999999998  676 -2.28064414576e-10
1.7602              677 -1.76620773562e-10
1.7628              678 -1.2266848648e-10
1.7653999999999999  679 -6.78304079571e-11
1.768               680 -1.39007434036e-11
1.7706              681 3.7240210915e-11
1.7731999999999999  682 8.37626912276e-11
1.7757999999999998  683 1.24017782155e-10
1.7784              684 1.56673618523e-10
1.781               685 1.80854123344e-10
1.7835999999999999  686 1.96221344728e-10
1.7862              687 2.03032757273e-10
1.7888              688 2.02128022653e-10
1.7913999999999999  689 1.9486384728e-10
1.7939999999999998  690 1.8299077531e-10
1.7966              691 1.68483879626e-10
1.7992              692 1.53349680176e-10
1.8017999999999998  693 1.39417297151e-10
1.8044              694 1.2815111472e-10
1.807               695 1.20498735989e-10
1.8095999999999999  696 1.16788717586e-10
1.8121999999999998  697 1.16701759367e-10
1.8148              698 1.19312393299e-10
1.8174              699 1.23203017233e-10
1.8199999999999998  700 1.26640864462e-10
1.8226              701 1.27798605032e-10
1.8252              702 1.2499989932e-10
1.8277999999999999  703 1.16960288676e-10
1.8304              704 1.02997568807e-10
1.833               705 8.31861662887e-11
1.8356              706 5.84410991822e-11
1.8381999999999998  707 3.05032388237e-11
1.8408              708 1.83987287211e-12
1.8434              709 -2.45400227916e-11
1.8459999999999999  710 -4.53545256907e-11
1.8486              711 -5.7352497751e-11
1.8512              712 -5.76410724706e-11
1.8538              713 -4.4004411226e-11
1.8563999999999998  714 -1.51694490302e-11
1.859               715 2.89877288839e-11
1.8616              716 8.73430355819e-11
1.8641999999999999  717 1.57518997845e-10
1.8668              718 2.35973018903e-10
1.8694              719 3.18218562612e-10
1.8719999999999999  720 3.99074551183e-10
1.8745999999999998  721 4.73026284808e-10
1.8772              722 5.34577049294e-10
1.8798              723 5.78608272406e-10
1.8823999999999999  724 6.00739458179e-10
1.885               725 5.97609739472e-10
1.8876              726 5.67113467298e-10
1.8901999999999999  727 5.0855164524e-10
1.8927999999999998  728 4.22696100344e-10
1.8954              729 3.117923697e-10
1.898               730 1.79442419257e-10
1.9005999999999998  731 3.04443137367e-11
1.9032              732 -1.29406874105e-10
1.9058              733 -2.93646218452e-10
1.9083999999999999  734 -4.55388615705e-10
1.9109999999999998  735 -6.07716543755e-10
1.9136              736 -7.43991313001e-10
1.9162              737 -8.58165760675e-10
1.9187999999999998  738 -9.45132416774e-10
1.9214              739 -1.00096531064e-09
1.924               740 -1.02313313377e-09
1.9265999999999999  741 -1.01066510716e-09
1.9291999999999998  742 -9.64202273579e-10
1.9318              743 -8.85995721234e-10
1.9344              744 -7.79779796289e-10
1.9369999999999998  745 -6.50575371353e-10
1.9396              746 -5.04433383952e-10
1.9422              747 -3.4805491822e-10
1.9447999999999999  748 -1.88420973268e-10
1.9474              749 -3.24154453279e-11
1.95                750 1.13612577679e-10
1.9526              751 2.44134046312e-10
1.9551999999999998  752 3.54761331423e-10
1.9578              753 4.42406333789e-10
1.9604              754 5.05351982483e-10
1.9629999999999999  755 5.43255218588e-10
1.9656              756 5.57012214131e-10
1.9682              757 5.48567413716e-10
1.9707999999999999  758 5.20674836579e-10
1.9733999999999998  759 4.76622297185e-10
1.976               760 4.19985379807e-10
1.9786              761 3.54388740575e-10
1.9811999999999999  762 2.83339351981e-10
1.9838              763 2.10134729062e-10
1.9864              764 1.37799202604e-10
1.9889999999999999  765 6.91116053275e-11
1.9915999999999998  766 6.6658458267e-12
1.9942              767 -4.70855437973e-11
1.9968              768 -8.97566049263e-11
1.9993999999999998  769 -1.1903278363e-10
2.002               770 -1.32702349109e-10
2.0046              771 -1.28764277019e-10
2.0072              772 -1.05601888345e-10
2.0098              773 -6.21947354729e-11
2.0124              774 1.62930086089e-12
2.015               775 8.49747633369e-11
2.0176              776 1.85690587906e-10
2.0202              777 3.00248048646e-10
2.0227999999999997  778 4.23777679615e-10
2.0254              779 5.50194112492e-10
2.028               780 6.72448763339e-10
2.0305999999999997  781 7.82965248192e-10
2.0332              782 8.74086358849e-10
2.0358              783 9.3865737405e-10
2.0383999999999998  784 9.70556968127e-10
2.041               785 9.65202584524e-10
2.0436              786 9.19966547386e-10
2.0462              787 8.34429858543e-10
2.0488              788 7.10500547285e-10
2.0514              789 5.52307533042e-10
2.054               790 3.65948382708e-10
2.0566              791 1.59120161491e-10
2.0591999999999997  792 -5.94516658126e-11
2.0618              793 -2.80563128285e-10
2.0644              794 -4.9508508404e-10
2.0669999999999997  795 -6.94565516213e-10
2.0696              796 -8.71646754774e-10
2.0722              797 -1.02037756022e-09
2.0747999999999998  798 -1.13645937105e-09
2.0774              799 -1.21724585966e-09
2.08                800 -1.26171051384e-09
2.0826              801 -1.27025812091e-09
2.0852              802 -1.24447674388e-09
2.0878              803 -1.1868850347e-09
2.0904              804 -1.10067976955e-09
2.093               805 -9.89475612556e-10
2.0955999999999997  806 -8.57186988057e-10
2.0982              807 -7.07908398567e-10
2.1008              808 -5.45816281061e-10
2.1033999999999997  809 -3.75250497342e-10
2.106               810 -2.00694322272e-10
2.1086              811 -2.67333100101e-11
2.1111999999999997  812 1.41860745373e-10
2.1138              813 3.00244273888e-10
2.1164              814 4.43666658967e-10
2.1189999999999998  815 5.67554891973e-10
2.1216              816 6.67791599795e-10
2.1242              817 7.40984162917e-10
2.1268              818 7.84651899011e-10
2.1294              819 7.97484300818e-10
2.132               820 7.79490250125e-10
2.1346              821 7.32066629539e-10
2.1372              822 6.5799277138e-10
2.1397999999999997  823 5.61322544002e-10
2.1424              824 4.47145653837e-10
2.145               825 3.21365822842e-10
2.1475999999999997  826 1.90353760532e-10
2.1502              827 6.05521882635e-11
2.1528              828 -6.17952217175e-11
2.1553999999999998  829 -1.71005792859e-10
2.158               830 -2.62262433992e-10
2.1606              831 -3.3176705827e-10
2.1632              832 -3.76930042734e-10
2.1658              833 -3.96457755514e-10
2.1684              834 -3.90345311629e-10
2.171               835 -3.59860141685e-10
2.1736              836 -3.07432745927e-10
2.1761999999999997  837 -2.36541675136e-10
2.1788              838 -1.51543957938e-10
2.1814              839 -5.74447850399e-11
2.1839999999999997  840 4.02737010408e-11
2.1866              841 1.35916486399e-10
2.1892              842 2.2385655829e-10
2.1917999999999997  843 2.98739033511e-10
2.1944              844 3.5577141233e-10
2.197               845 3.90979471021e-10
2.1995999999999998  846 4.01400246375e-10
2.2022              847 3.85297571626e-10
2.2048              848 3.42292638678e-10
2.2074              849 2.73461031597e-10
2.21                850 1.81358553175e-10
2.2125999999999997  851 6.99288127404e-11
2.2152              852 -5.55795409696e-11
2.2178              853 -1.88863438777e-10
2.2203999999999997  854 -3.2283931084e-10
2.223               855 -4.50055992474e-10
2.2256              856 -5.63032065415e-10
2.2281999999999997  857 -6.54742704498e-10
2.2308              858 -7.19089232604e-10
2.2334              859 -7.5126749266e-10
2.2359999999999998  860 -7.4816797202e-10
2.2386              861 -7.08633374202e-10
2.2412              862 -6.33609831269e-10
2.2438              863 -5.26171550774e-10
2.2464              864 -3.91334076255e-10
2.249               865 -2.35826691508e-10
2.2516              866 -6.76464995131e-11
2.2542              867 1.04525915701e-10
2.2567999999999997  868 2.71817679476e-10
2.2594              869 4.25817381355e-10
2.262               870 5.59179813564e-10
2.2645999999999997  871 6.66011246153e-10
2.2672              872 7.42267802778e-10
2.2698              873 7.85947085191e-10
2.2723999999999998  874 7.97055976776e-10
2.275               875 7.77487629833e-10
2.2776              876 7.30703275664e-10
2.2802              877 6.61337651309e-10
2.2828              878 5.7473936721e-10
2.2854              879 4.76466865962e-10
2.288               880 3.71911834662e-10
2.2906              881 2.65931499044e-10
2.2931999999999997  882 1.62580865437e-10
2.2958              883 6.5057570442e-11
2.2984              884 -2.4329205317e-11
2.3009999999999997  885 -1.04088210273e-10
2.3036              886 -1.73334027687e-10
2.3062              887 -2.31633767722e-10
2.3087999999999997  888 -2.78811862486e-10
2.3114              889 -3.14822390379e-10
2.314               890 -3.39633876578e-10
2.3165999999999998  891 -3.53226337069e-10
2.3192              892 -3.55630636051e-10
2.3218              893 -3.47008644042e-10
2.3244              894 -3.27773364006e-10
2.327               895 -2.98689073475e-10
2.3296              896 -2.6096524941e-10
2.3322              897 -2.16289486321e-10
2.3348              898 -1.66786487399e-10
2.3373999999999997  899 -1.14957723896e-10
2.34                900 -6.35271696359e-11
2.3426              901 -1.52441392842e-11
2.3451999999999997  902 2.72871725215e-11
2.3478              903 6.18211176695e-11
2.3504              904 8.66485633244e-11
2.3529999999999998  905 1.0070383416e-10
2.3556              906 1.03650893424e-10
2.3582              907 9.5891919405e-11
2.3608              908 7.85209675058e-11
2.3634              909 5.32347915749e-11
2.366               910 2.21897361596e-11
2.3686              911 -1.21391343158e-11
2.3712              912 -4.71303412963e-11
2.3737999999999997  913 -8.01929911365e-11
2.3764              914 -1.08901415663e-10
2.379               915 -1.3114574704e-10
2.3815999999999997  916 -1.45252865291e-10
2.3842              917 -1.50065057603e-10
2.3868              918 -1.45013584474e-10
2.3893999999999997  919 -1.30150848432e-10
2.392               920 -1.06143344114e-10
2.3946              921 -7.42434863588e-11
2.3971999999999998  922 -3.62135738063e-11
2.3998              923 5.80096127384e-12
2.4024              924 4.93950991221e-11
2.405               925 9.20850340425e-11
2.4076              926 1.31504307443e-10
2.4101999999999997  927 1.65558081133e-10
2.4128              928 1.92594357129e-10
2.4154              929 2.11526324234e-10
2.4179999999999997  930 2.21878460049e-10
2.4206              931 2.23795412757e-10
2.4232              932 2.17970586025e-10
2.4257999999999997  933 2.05518546625e-10
2.4284              934 1.87809018337e-10
2.431               935 1.66270275326e-10
2.4335999999999998  936 1.42217251864e-10
2.4362              937 1.16698900543e-10
2.4388              938 9.03969954447e-11
2.4414              939 6.36179164903e-11
2.444               940 3.63356289501e-11
2.4466              941 8.29883470971e-12
2.4492              942 -2.0793117228e-11
2.4518              943 -5.11195114017e-11
2.4543999999999997  944 -8.25834955975e-11
2.457               945 -1.14675449692e-10
2.4596              946 -1.46431075598e-10
2.4621999999999997  947 -1.76472711444e-10
2.4648              948 -2.03106143015e-10
2.4674              949 -2.24515808722e-10
2.4699999999999998  950 -2.38997710511e-10
2.4726              951 -2.45185427517e-10
2.4752              952 -2.42271092077e-10
2.4778              953 -2.30154451053e-10
2.4804              954 -2.09500916615e-10
2.483               955 -1.81713005754e-10
2.4856              956 -1.48794587762e-10
2.4882              957 -1.13121526035e-10
2.4907999999999997  958 -7.71913782893e-11
2.4934              959 -4.33274388589e-11
2.496               960 -1.34054824533e-11
2.4985999999999997  961 1.13312779298e-11
2.5012              962 3.04043457078e-11
2.5038              963 4.41231357007e-11
2.5063999999999997  964 5.34951805076e-11
2.509               965 6.00690053254e-11
2.5116              966 6.57090631906e-11
2.5141999999999998  967 7.23390236601e-11
2.5168              968 8.16961637229e-11
2.5194              969 9.51241169167e-11
2.522               970 1.13418621717e-10
2.5246              971 1.36753525171e-10
2.5271999999999997  972 1.64691787985e-10
2.5298              973 1.96243341022e-10
2.5324              974 2.29993551981e-10
2.5349999999999997  975 2.64267940864e-10
2.5376              976 2.97274205252e-10
2.5402              977 3.27259108701e-10
2.5427999999999997  978 3.52634144107e-10
2.5454              979 3.72037955998e-10
2.548               980 3.84385634433e-10
2.5505999999999998  981 3.88871157497e-10
2.5532              982 3.8493519483e-10
2.5558              983 3.72230690715e-10
2.5584              984 3.50580897646e-10
2.561               985 3.19935855586e-10
2.5636              986 2.80365508587e-10
2.5662              987 2.32057775773e-10
2.5688              988 1.75318745632e-10
2.5713999999999997  989 1.10634737482e-10
2.574               990 3.87023885162e-11
2.5766              991 -3.95530969088e-11
2.5791999999999997  992 -1.22903590083e-10
2.5818              993 -2.09817108132e-10
2.5844              994 -2.98485458572e-10
2.5869999999999997  995 -3.86799259289e-10
2.5896              996 -4.72419880992e-10
2.5922              997 -5.5287352474e-10
2.5947999999999998  998 -6.25591356496e-10
2.5974              999 -6.88040069363e-10
2.6                 1000 -7.37847116739e-10
2.6026              1001 -7.72877095656e-10
2.6052              1002 -7.91365195596e-10
2.6077999999999997  1003 -7.92011567441e-10
2.6104              1004 -7.74051933661e-10
2.613               1005 -7.37325978051e-10
2.6155999999999997  1006 -6.82291334542e-10
2.6182              1007 -6.10044459393e-10
2.6208              1008 -5.22289544946e-10
2.6233999999999997  1009 -4.21247037252e-10
2.626               1010 -3.09618108929e-10
2.6286              1011 -1.90456303506e-10
2.6311999999999998  1012 -6.70025146476e-11
2.6338              1013 5.73791014702e-11
2.6364              1014 1.79384007648e-10
2.639               1015 2.95874436063e-10
2.6416              1016 4.04038358326e-10
2.6441999999999997  1017 5.01417352083e-10
2.6468              1018 5.86012793846e-10
2.6494              1019 6.56346310635e-10
2.6519999999999997  1020 7.1141981195e-10
2.6546              1021 7.50730366761e-10
2.6572              1022 7.7423223388e-10
2.6597999999999997  1023 7.82251818876e-10
2.6624              1024 7.75431496791e-10
2.665               1025 7.54639017941e-10
2.6675999999999997  1026 7.20893567063e-10
2.6702              1027 6.75296263353e-10
2.6728              1028 6.18954443254e-10
2.6754              1029 5.52970780276e-10
2.678               1030 4.78415973504e-10
2.6806              1031 3.96311872208e-10
2.6832              1032 3.07700753766e-10
2.6858              1033 2.1367439762e-10
2.6883999999999997  1034 1.15400772271e-10
2.691               1035 1.42416183013e-11
2.6936              1036 -8.8219348493e-11
2.6961999999999997  1037 -1.90167215308e-10
2.6988              1038 -2.89484658467e-10
2.7014              1039 -3.83804543702e-10
2.7039999999999997  1040 -4.70598227054e-10
2.7066              1041 -5.47222045455e-10
2.7092              1042 -6.11089401303e-10
2.7117999999999998  1043 -6.59847954054e-10
2.7144              1044 -6.91522172858e-10
2.717               1045 -7.04711400346e-10
2.7196              1046 -6.9873440367e-10
2.7222              1047 -6.73729294576e-10
2.7247999999999997  1048 -6.30706820104e-10
2.7274              1049 -5.71537039917e-10
2.73                1050 -4.98832752882e-10
2.7325999999999997  1051 -4.15828260714e-10
2.7352              1052 -3.26154880881e-10
2.7378              1053 -2.33565611296e-10
2.7403999999999997  1054 -1.41727005132e-10
2.743               1055 -5.39457922777e-11
2.7456              1056 2.70674177516e-11
2.7481999999999998  1057 9.93045506936e-11
2.7508              1058 1.61577251578e-10
2.7534              1059 2.13542697414e-10
2.756               1060 2.55604870603e-10
2.7586              1061 2.88806312199e-10
2.7611999999999997  1062 3.14651416033e-10
2.7638              1063 3.3486946549e-10
2.7664              1064 3.51196627335e-10
2.7689999999999997  1065 3.65157459825e-10
2.7716              1066 3.77861519851e-10
2.7742              1067 3.89864140971e-10
2.7767999999999997  1068 4.01081834411e-10
2.7794              1069 4.10767864167e-10
2.782               1070 4.1756975655e-10
2.7845999999999997  1071 4.19652756989e-10
2.7872              1072 4.14876133448e-10
2.7898              1073 4.01025657126e-10
2.7923999999999998  1074 3.76058739704e-10
2.795               1075 3.38369776642e-10
2.7976              1076 2.87028623092e-10
2.8002              1077 2.2195059679e-10
2.8028              1078 1.44053338702e-10
2.8053999999999997  1079 5.52801138198e-11
2.808               1080 -4.14379502933e-11
2.8106              1081 -1.42364550704e-10
2.8131999999999997  1082 -2.43133735367e-10
2.8158              1083 -3.39076100531e-10
2.8184              1084 -4.25588453368e-10
2.8209999999999997  1085 -4.98426411255e-10
2.8236              1086 -5.54065904268e-10
2.8262              1087 -5.89981841159e-10
2.8287999999999998  1088 -6.04801098092e-10
2.8314              1089 -5.98410432318e-10
2.834               1090 -5.71918956638e-10
2.8366              1091 -5.27530463756e-10
2.8392              1092 -4.68331151637e-10
2.8417999999999997  1093 -3.9798275786e-10
2.8444              1094 -3.20447446356e-10
2.847               1095 -2.39666286816e-10
2.8495999999999997  1096 -1.59259841426e-10
2.8522              1097 -8.23614509926e-11
2.8548              1098 -1.14526695419e-11
2.8573999999999997  1099 5.17175330339e-11
2.86                1100 1.0608107448e-10
2.8626              1101 1.51205367671e-10
2.8651999999999997  1102 1.87195120516e-10
2.8678              1103 2.14540815668e-10
2.8704              1104 2.34012365041e-10
2.8729999999999998  1105 2.46555664773e-10
2.8756              1106 2.53200349576e-10
2.8781999999999996  1107 2.55015120132e-10
2.8808              1108 2.53074450285e-10
2.8834              1109 2.48440601425e-10
2.8859999999999997  1110 2.42149189589e-10
2.8886              1111 2.35189423492e-10
2.8912              1112 2.28468480246e-10
2.8937999999999997  1113 2.22771120995e-10
2.8964              1114 2.18704304666e-10
2.899               1115 2.16643564199e-10
2.9015999999999997  1116 2.16694148736e-10
2.9042              1117 2.1866965183e-10
2.9068              1118 2.22104667991e-10
2.9093999999999998  1119 2.26298993433e-10
2.912               1120 2.30395605372e-10
2.9146              1121 2.33484120926e-10
2.9172              1122 2.34712693725e-10
2.9198              1123 2.33399521932e-10
2.9223999999999997  1124 2.29121152606e-10
2.925               1125 2.21768950426e-10
2.9276              1126 2.11560866048e-10
2.9301999999999997  1127 1.99000857459e-10
2.9328              1128 1.8480414421e-10
2.9354              1129 1.69779912351e-10
2.9379999999999997  1130 1.54692592069e-10
2.9406              1131 1.40134626125e-10
2.9432              1132 1.26403956746e-10
2.9457999999999998  1133 1.13415860037e-10
2.9484              1134 1.00672664649e-10
2.951               1135 8.72735911317e-11
2.9536              1136 7.19779236213e-11
2.9562              1137 5.33251914847e-11
2.9587999999999997  1138 2.97810803795e-11
2.9614              1139 -1.02838798675e-13
2.964               1140 -3.75040692946e-11
2.9665999999999997  1141 -8.31734958684e-11
2.9692              1142 -1.37319586258e-10
2.9718              1143 -1.99487940056e-10
2.9743999999999997  1144 -2.68528976832e-10
2.977               1145 -3.42587291868e-10
2.9796              1146 -4.19179357891e-10
2.9821999999999997  1147 -4.95246954557e-10
2.9848              1148 -5.67316416067e-10
2.9874              1149 -6.31692032016e-10
2.9899999999999998  1150 -6.84614587243e-10
2.9926              1151 -7.22507609296e-10
2.9951999999999996  1152 -7.42209405047e-10
2.9978              1153 -7.41177341723e-10
3.0004              1154 -7.17712111964e-10
3.0029999999999997  1155 -6.71117383888e-10
3.0056              1156 -6.01839689196e-10
3.0082              1157 -5.11533926328e-10
3.0107999999999997  1158 -4.03019173589e-10
3.0134              1159 -2.80237166805e-10
3.016               1160 -1.48058135196e-10
3.0185999999999997  1161 -1.19862574727e-11
3.0212              1162 1.22075932696e-10
3.0238              1163 2.48216558418e-10
3.0263999999999998  1164 3.60914187425e-10
3.029               1165 4.55308235559e-10
3.0316              1166 5.27540677808e-10
3.0342              1167 5.74992720104e-10
3.0368              1168 5.96376503736e-10
3.0393999999999997  1169 5.91802828964e-10
3.042               1170 5.62706325979e-10
3.0446              1171 5.11701125916e-10
3.0471999999999997  1172 4.42379022303e-10
3.0498              1173 3.59025920105e-10
3.0524              1174 2.66396238402e-10
3.0549999999999997  1175 1.6942459935e-10
3.0576              1176 7.30039501073e-11
3.0602              1177 -1.82544535043e-11
3.0627999999999997  1178 -1.00131972158e-10
3.0654              1179 -1.68967742575e-10
3.068               1180 -2.21780302456e-10
3.0705999999999998  1181 -2.56314747205e-10
3.0732              1182 -2.711437741e-10
3.0757999999999996  1183 -2.65723665294e-10
3.0784              1184 -2.40430120257e-10
3.081               1185 -1.9658813466e-10
3.0835999999999997  1186 -1.36431102526e-10
3.0862              1187 -6.3056004862e-11
3.0888              1188 1.97123428691e-11
3.0913999999999997  1189 1.07540573668e-10
3.094               1190 1.95785040957e-10
3.0966              1191 2.79801293246e-10
3.0991999999999997  1192 3.5527136788e-10
3.1018              1193 4.18446610695e-10
3.1044              1194 4.66424454615e-10
3.1069999999999998  1195 4.9733350771e-10
3.1096              1196 5.10388842301e-10
3.1122              1197 5.05894881542e-10
3.1148              1198 4.85112838788e-10
3.1174              1199 4.50058434964e-10
3.1199999999999997  1200 4.03237887525e-10
3.1226              1201 3.47336381878e-10
3.1252              1202 2.84964052355e-10
3.1277999999999997  1203 2.18411413955e-10
3.1304              1204 1.49467244137e-10
3.133               1205 7.9389758656e-11
3.1355999999999997  1206 8.9160302405e-12
3.1382              1207 -6.16431627964e-11
3.1408              1208 -1.32182889634e-10
3.1433999999999997  1209 -2.02613981148e-10
3.146               1210 -2.72631250908e-10
3.1486              1211 -3.41554118322e-10
3.1512              1212 -4.08160394372e-10
3.1538              1213 -4.70662842034e-10
3.1563999999999997  1214 -5.26771515297e-10
3.159               1215 -5.73791236747e-10
3.1616              1216 -6.08852301909e-10
3.1641999999999997  1217 -6.29175822553e-10
3.1668              1218 -6.32338181816e-10
3.1694              1219 -6.16564577172e-10
3.1719999999999997  1220 -5.80955505924e-10
3.1746              1221 -5.25671284279e-10
3.1772              1222 -4.52027748565e-10
3.1797999999999997  1223 -3.62463170589e-10
3.1824              1224 -2.60481636261e-10
3.185               1225 -1.50446502478e-10
3.1875999999999998  1226 -3.72779584978e-11
3.1902              1227 7.38038657966e-11
3.1927999999999996  1228 1.77659553735e-10
3.1954              1229 2.69606115211e-10
3.198               1230 3.45675488234e-10
3.2005999999999997  1231 4.02911704001e-10
3.2032              1232 4.39563496712e-10
3.2058              1233 4.55140369837e-10
3.2083999999999997  1234 4.50425252652e-10
3.211               1235 4.27353263888e-10
3.2136              1236 3.88815424301e-10
3.2161999999999997  1237 3.38396866084e-10
3.2188              1238 2.80047540713e-10
3.2214              1239 2.17791715218e-10
3.2239999999999998  1240 1.55409310421e-10
3.2266              1241 9.61933588339e-11
3.2292              1242 4.27451546381e-11
3.2318              1243 -3.09089646239e-12
3.2344              1244 -4.02603783645e-11
3.2369999999999997  1245 -6.84414469543e-11
3.2396              1246 -8.78959960371e-11
3.2422              1247 -9.93187754261e-11
3.2447999999999997  1248 -1.03659802964e-10
3.2474              1249 -1.01955707765e-10
3.25                1250 -9.52091600004e-11
3.2525999999999997  1251 -8.43084074775e-11
3.2552              1252 -7.00101365769e-11
3.2578              1253 -5.29678523264e-11
3.2603999999999997  1254 -3.37904426662e-11
3.263               1255 -1.31334266379e-11
3.2656              1256 8.23011971074e-12
3.2681999999999998  1257 2.93678276142e-11
3.2708              1258 4.91700430372e-11
3.2733999999999996  1259 6.64008154017e-11
3.276               1260 7.97956006826e-11
3.2786              1261 8.81815176434e-11
3.2811999999999997  1262 9.06333480488e-11
3.2838              1263 8.66151872447e-11
3.2864              1264 7.60913831943e-11
3.2889999999999997  1265 5.95898053124e-11
3.2916              1266 3.81868980881e-11
3.2942              1267 1.34367543134e-11
3.2967999999999997  1268 -1.27795569266e-11
3.2994              1269 -3.84613452198e-11
3.302               1270 -6.16972445355e-11
3.3045999999999998  1271 -8.08959843557e-11
3.3072              1272 -9.49681722151e-11
3.3097999999999996  1273 -1.0345493906e-10
3.3124              1274 -1.06562633717e-10
3.315               1275 -1.0512295201e-10
3.3175999999999997  1276 -1.00459501828e-10
3.3202              1277 -9.41904748641e-11
3.3228              1278 -8.79898237605e-11
3.3253999999999997  1279 -8.33380447984e-11
3.328               1280 -8.13064615635e-11
3.3306              1281 -8.23937029715e-11
3.3331999999999997  1282 -8.64479599016e-11
3.3358              1283 -9.26815985069e-11
3.3384              1284 -9.97772975353e-11
3.3409999999999997  1285 -1.06074704576e-10
3.3436              1286 -1.09800848969e-10
3.3462              1287 -1.0932513228e-10
3.3487999999999998  1288 -1.03391586959e-10
3.3514              1289 -9.13009945425e-11
3.3539999999999996  1290 -7.30187160736e-11
3.3566              1291 -4.91821028348e-11
3.3592              1292 -2.10352013585e-11
3.3617999999999997  1293 9.72926340187e-12
3.3644              1294 4.11897599362e-11
3.367               1295 7.14116127343e-11
3.3695999999999997  1296 9.86809522985e-11
3.3722              1297 1.21696708266e-10
3.3748              1298 1.39675798705e-10
3.3773999999999997  1299 1.52406268161e-10
3.38                1300 1.60212065836e-10
3.3826              1301 1.63838831391e-10
3.3851999999999998  1302 1.64300448247e-10
3.3878              1303 1.62692456729e-10
3.3903999999999996  1304 1.60008603589e-10
3.393               1305 1.56984675259e-10
3.3956              1306 1.53990306617e-10
3.3981999999999997  1307 1.5097978423e-10
3.4008              1308 1.47509712778e-10
3.4034              1309 1.42812997539e-10
3.4059999999999997  1310 1.35917041511e-10
3.4086              1311 1.25793764294e-10
3.4112              1312 1.11513728807e-10
3.4137999999999997  1313 9.23821019683e-11
3.4164              1314 6.80584477664e-11
3.419               1315 3.86254778162e-11
3.4215999999999998  1316 4.60270190017e-12
3.4242              1317 -3.30588056929e-11
3.4267999999999996  1318 -7.30455834708e-11
3.4294              1319 -1.13788409251e-10
3.432               1320 -1.53551518722e-10
3.4345999999999997  1321 -1.90563287372e-10
3.4372              1322 -2.23141227718e-10
3.4398              1323 -2.49771092697e-10
3.4423999999999997  1324 -2.69200439718e-10
3.445               1325 -2.80498069216e-10
3.4476              1326 -2.83076007079e-10
3.4501999999999997  1327 -2.76708433944e-10
3.4528              1328 -2.61517252298e-10
3.4554              1329 -2.37950548154e-10
3.4579999999999997  1330 -2.06750228049e-10
3.4606              1331 -1.68895425423e-10
3.4632              1332 -1.25576424259e-10
3.4657999999999998  1333 -7.81402859085e-11
3.4684              1334 -2.80299533584e-11
3.4709999999999996  1335 2.32318331239e-11
3.4736              1336 7.41005451443e-11
3.4762              1337 1.23039134436e-10
3.4787999999999997  1338 1.68571587245e-10
3.4814              1339 2.09288752995e-10
3.484               1340 2.43897346763e-10
3.4865999999999997  1341 2.71261013651e-10
3.4892              1342 2.90414581272e-10
3.4918              1343 3.0061086953e-10
3.4943999999999997  1344 3.01355385091e-10
3.497               1345 2.9243341082e-10
3.4996              1346 2.73945977014e-10
3.5021999999999998  1347 2.46324294295e-10
3.5048              1348 2.10350778462e-10
3.5073999999999996  1349 1.67155969621e-10
3.51                1350 1.18182949538e-10
3.5126              1351 6.51724368916e-11
3.5151999999999997  1352 1.00913843254e-11
3.5178              1353 -4.49642822975e-11
3.5204              1354 -9.78341019309e-11
3.5229999999999997  1355 -1.46417683533e-10
3.5256              1356 -1.88798893186e-10
3.5282              1357 -2.23325621884e-10
3.5307999999999997  1358 -2.4872148785e-10
3.5334              1359 -2.64164468078e-10
3.536               1360 -2.69319899715e-10
3.5385999999999997  1361 -2.64366528668e-10
3.5412              1362 -2.49972709199e-10
3.5437999999999996  1363 -2.27248914131e-10
3.5463999999999998  1364 -1.9766620285e-10
3.549               1365 -1.62941410364e-10
3.5515999999999996  1366 -1.24932092449e-10
3.5542              1367 -8.54988579935e-11
3.5568              1368 -4.63880184265e-11
3.5593999999999997  1369 -9.1072184516e-12
3.562               1370 2.51387105576e-11
3.5646              1371 5.55155643678e-11
3.5671999999999997  1372 8.15867651216e-11
3.5698              1373 1.0327677602e-10
3.5724              1374 1.20825779937e-10
3.5749999999999997  1375 1.34704400412e-10
3.5776              1376 1.45492062842e-10
3.5802              1377 1.53760906785e-10
3.5827999999999998  1378 1.59957616597e-10
3.5854              1379 1.64298893934e-10
3.5879999999999996  1380 1.66708813421e-10
3.5906              1381 1.66799199453e-10
3.5932              1382 1.63901392458e-10
3.5957999999999997  1383 1.57156079816e-10
3.5984              1384 1.45645190353e-10
3.601               1385 1.28564270341e-10
3.6035999999999997  1386 1.05404518447e-10
3.6062              1387 7.61138790883e-11
3.6088              1388 4.12426481855e-11
3.6113999999999997  1389 2.01082293178e-12
3.614               1390 -3.97126359575e-11
3.6166              1391 -8.14810857674e-11
3.6191999999999998  1392 -1.20460350028e-10
3.6218              1393 -1.5368847861e-10
3.6243999999999996  1394 -1.78347406288e-10
3.627               1395 -1.92083987605e-10
3.6296              1396 -1.93292992723e-10
3.6321999999999997  1397 -1.81330409021e-10
3.6348              1398 -1.56654397787e-10
3.6374              1399 -1.20832871486e-10
3.6399999999999997  1400 -7.64610597059e-11
3.6426              1401 -2.69456679192e-11
3.6452              1402 2.37844466344e-11
3.6477999999999997  1403 7.16508380405e-11
3.6504              1404 1.12765560778e-10
3.653               1405 1.43794726126e-10
3.6555999999999997  1406 1.62249297331e-10
3.6582              1407 1.6666201752e-10
3.6608              1408 1.5668888409e-10
3.6633999999999998  1409 1.33076841213e-10
3.666               1410 9.75444447437e-11
3.6685999999999996  1411 5.25800236684e-11
3.6712              1412 1.16976046904e-12
3.6738              1413 -5.34465804947e-11
3.6763999999999997  1414 -1.08042977343e-10
3.679               1415 -1.5963784461e-10
3.6816              1416 -2.05617273208e-10
3.6841999999999997  1417 -2.43841169478e-10
3.6868              1418 -2.72677880275e-10
3.6894              1419 -2.90955926019e-10
3.6919999999999997  1420 -2.97920577097e-10
3.6946              1421 -2.93162161213e-10
3.6972              1422 -2.76547895695e-10
3.6997999999999998  1423 -2.48189024887e-10
3.7024              1424 -2.08419601022e-10
3.7049999999999996  1425 -1.57835106096e-10
3.7076              1426 -9.73389147063e-11
3.7102              1427 -2.81817486014e-11
3.7127999999999997  1428 4.79446898849e-11
3.7154              1429 1.28885319084e-10
3.718               1430 2.12046394332e-10
3.7205999999999997  1431 2.94394730815e-10
3.7232              1432 3.72587516395e-10
3.7258              1433 4.43104442027e-10
3.7283999999999997  1434 5.02462738083e-10
3.731               1435 5.47387912775e-10
3.7336              1436 5.75060443708e-10
3.7361999999999997  1437 5.83320947101e-10
3.7388              1438 5.70827163315e-10
3.7413999999999996  1439 5.37189626115e-10
3.7439999999999998  1440 4.83013185004e-10
3.7466              1441 4.09906553145e-10
3.7491999999999996  1442 3.20404369702e-10
3.7518              1443 2.17794809965e-10
3.7544              1444 1.05986594501e-10
3.7569999999999997  1445 -1.07313524386e-11
3.7596              1446 -1.2795908777e-10
3.7622              1447 -2.41346720387e-10
3.7647999999999997  1448 -3.46836115384e-10
3.7674              1449 -4.40860237205e-10
3.77                1450 -5.20410381455e-10
3.7725999999999997  1451 -5.83152859335e-10
3.7752              1452 -6.27472518389e-10
3.7778              1453 -6.5242877767e-10
3.7803999999999998  1454 -6.57741194843e-10
3.783               1455 -6.43721520532e-10
3.7855999999999996  1456 -6.11199757472e-10
3.7882              1457 -5.61464208459e-10
3.7908              1458 -4.96177987586e-10
3.7933999999999997  1459 -4.1735903622e-10
3.796               1460 -3.27336158179e-10
3.7986              1461 -2.28692398352e-10
3.8011999999999997  1462 -1.24293991766e-10
3.8038              1463 -1.72422076616e-11
3.8064              1464 8.91979545781e-11
3.8089999999999997  1465 1.9159444864e-10
3.8116              1466 2.86469958866e-10
3.8142              1467 3.70392605475e-10
3.8167999999999997  1468 4.40137926105e-10
3.8194              1469 4.92790919182e-10
3.8219999999999996  1470 5.25937071671e-10
3.8245999999999998  1471 5.37822897329e-10
3.8272              1472 5.27482946211e-10
3.8297999999999996  1473 4.94875251889e-10
3.8324              1474 4.40943059843e-10
3.835               1475 3.67663677281e-10
3.8375999999999997  1476 2.78021605737e-10
3.8402              1477 1.75888276166e-10
3.8428              1478 6.59274024262e-11
3.8453999999999997  1479 -4.66278682332e-11
3.848               1480 -1.56260115958e-10
3.8506              1481 -2.57384114022e-10
3.8531999999999997  1482 -3.44683837028e-10
3.8558              1483 -4.13433731694e-10
3.8583999999999996  1484 -4.59729809776e-10
3.8609999999999998  1485 -4.80767647915e-10
3.8636              1486 -4.75024464208e-10
3.8661999999999996  1487 -4.4236680985e-10
3.8688              1488 -3.84104303919e-10
3.8714              1489 -3.02917024797e-10
3.8739999999999997  1490 -2.02759795065e-10
3.8766              1491 -8.86492546037e-11
3.8792              1492 3.36451838612e-11
3.8817999999999997  1493 1.57850760241e-10
3.8844              1494 2.7756508203e-10
3.887               1495 3.86641385575e-10
3.8895999999999997  1496 4.79450701363e-10
3.8922              1497 5.51225731726e-10
3.8948              1498 5.98292082543e-10
3.8973999999999998  1499 6.18260997953e-10
3.9                 1500 6.1010796415e-10
3.9025999999999996  1501 5.74224445771e-10
3.9052              1502 5.12347497761e-10
3.9078              1503 4.27462287789e-10
3.9103999999999997  1504 3.23623794429e-10
3.913               1505 2.05693323485e-10
3.9156              1506 7.91405968537e-11
3.9181999999999997  1507 -5.0257228934e-11
3.9208              1508 -1.76734238355e-10
3.9234              1509 -2.94730906347e-10
3.9259999999999997  1510 -3.9918290895e-10
3.9286              1511 -4.85764539704e-10
3.9312              1512 -5.51009238237e-10
3.9337999999999997  1513 -5.92486060214e-10
3.9364              1514 -6.08891381759e-10
3.9389999999999996  1515 -6.00065108713e-10
3.9415999999999998  1516 -5.67002444996e-10
3.9442              1517 -5.11771069966e-10
3.9467999999999996  1518 -4.37415881294e-10
3.9494              1519 -3.47801343281e-10
3.952               1520 -2.47376341633e-10
3.9545999999999997  1521 -1.40997602482e-10
3.9572              1522 -3.36536909451e-11
3.9598              1523 6.98234386975e-11
3.9623999999999997  1524 1.64946792336e-10
3.965               1525 2.47831755118e-10
3.9676              1526 3.15402370887e-10
3.9701999999999997  1527 3.65475427699e-10
3.9728              1528 3.96868760077e-10
3.9753999999999996  1529 4.09399625312e-10
3.9779999999999998  1530 4.03836075691e-10
3.9806              1531 3.81779274861e-10
3.9831999999999996  1532 3.45520279055e-10
3.9858              1533 2.97838420593e-10
3.9884              1534 2.41823894243e-10
3.9909999999999997  1535 1.80673365158e-10
3.9936              1536 1.17487283791e-10
3.9962              1537 5.51502732371e-11
3.9987999999999997  1538 -3.8086218207e-12
4.001399999999999   1539 -5.73186359487e-11
4.004               1540 -1.03782982208e-10
4.0066              1541 -1.42116346469e-10
4.0092              1542 -1.71743619326e-10
4.0118              1543 -1.9254617345e-10
4.0144              1544 -2.04827696471e-10
4.0169999999999995  1545 -2.09252143391e-10
4.0196              1546 -2.06764286248e-10
4.0222              1547 -1.98514885086e-10
4.0248              1548 -1.85767234928e-10
4.0274              1549 -1.69809374895e-10
4.03                1550 -1.51859538833e-10
4.0325999999999995  1551 -1.32970773281e-10
4.0352              1552 -1.13964032655e-10
4.0378              1553 -9.53654655245e-11
4.0404              1554 -7.73712899305e-11
4.043               1555 -5.98633642657e-11
4.045599999999999   1556 -4.24474205785e-11
4.0482              1557 -2.45302389512e-11
4.0508              1558 -5.44509836525e-12
4.0534              1559 1.54141283071e-11
4.056               1560 3.84524634356e-11
4.0586              1561 6.372506689e-11
4.0611999999999995  1562 9.08368519292e-11
4.0638              1563 1.18876603006e-10
4.0664              1564 1.46427592274e-10
4.069               1565 1.71619454759e-10
4.0716              1566 1.92273752475e-10
4.074199999999999   1567 2.06105077449e-10
4.0767999999999995  1568 2.10947870283e-10
4.0794              1569 2.05023845123e-10
4.082               1570 1.87184254208e-10
4.0846              1571 1.57121968214e-10
4.0872              1572 1.15516332611e-10
4.089799999999999   1573 6.40690417386e-11
4.0924              1574 5.47929670386e-12
4.095               1575 -5.67194624601e-11
4.0976              1576 -1.18429835383e-10
4.1002              1577 -1.75280026604e-10
4.1028              1578 -2.23015897416e-10
4.1053999999999995  1579 -2.57896370925e-10
4.108               1580 -2.77021516837e-10
4.1106              1581 -2.78644440854e-10
4.1132              1582 -2.62361465886e-10
4.1158              1583 -2.29187793743e-10
4.118399999999999   1584 -1.81511666808e-10
4.1209999999999996  1585 -1.22893778487e-10
4.1236              1586 -5.77998759965e-11
4.1262              1587 8.79218919891e-12
4.1288              1588 7.18481107942e-11
4.1314              1589 1.2668321947e-10
4.1339999999999995  1590 1.69399425043e-10
4.1366              1591 1.97237254307e-10
4.1392              1592 2.08790887357e-10
4.1418              1593 2.04139774529e-10
4.1444              1594 1.84822615545e-10
4.147               1595 1.53669979519e-10
4.1495999999999995  1596 1.14537213047e-10
4.1522              1597 7.19312664987e-11
4.1548              1598 3.05656194799e-11
4.1574              1599 -5.0605856311e-12
4.16                1600 -3.10979991758e-11
4.162599999999999   1601 -4.47084314015e-11
4.1652              1602 -4.43072106782e-11
4.1678              1603 -2.97106922398e-11
4.1704              1604 -2.14196802656e-12
4.173               1605 3.59233476299e-11
4.1756              1606 8.09738526231e-11
4.1781999999999995  1607 1.28823465784e-10
4.1808              1608 1.75007647263e-10
4.1834              1609 2.15202536347e-10
4.186               1610 2.45619524719e-10
4.1886              1611 2.63336019657e-10
4.191199999999999   1612 2.6654367602e-10
4.1937999999999995  1613 2.54649412668e-10
4.1964              1614 2.28288929427e-10
4.199               1615 1.89198295919e-10
4.2016              1616 1.3998899262e-10
4.2042              1617 8.38610708653e-11
4.206799999999999   1618 2.42241227077e-11
4.2094              1619 -3.55685758624e-11
4.212               1620 -9.25540338814e-11
4.2146              1621 -1.44369113886e-10
4.2172              1622 -1.89378235316e-10
4.2198              1623 -2.26695870409e-10
4.2223999999999995  1624 -2.56147103528e-10
4.225               1625 -2.78082890048e-10
4.2276              1626 -2.93217894409e-10
4.2302              1627 -3.02416092168e-10
4.2328              1628 -3.06498160185e-10
4.235399999999999   1629 -3.0609625945e-10
4.2379999999999995  1630 -3.01572766759e-10
4.2406              1631 -2.93013613373e-10
4.2432              1632 -2.80293566135e-10
4.2458              1633 -2.63194799288e-10
4.2484              1634 -2.4155855094e-10
4.2509999999999994  1635 -2.15442788609e-10
4.2536              1636 -1.85226375904e-10
4.2562              1637 -1.51712337138e-10
4.2588              1638 -1.16110787651e-10
4.2614              1639 -7.99705857091e-11
4.264               1640 -4.5037432117e-11
4.2665999999999995  1641 -1.30602395218e-11
4.2692              1642 1.44232716048e-11
4.2718              1643 3.63190727493e-11
4.2744              1644 5.21198917358e-11
4.277               1645 6.20368201254e-11
4.279599999999999   1646 6.70183353257e-11
4.2822              1647 6.86815743167e-11
4.2848              1648 6.91544599363e-11
4.2874              1649 7.08439834574e-11
4.29                1650 7.615615083e-11
4.2926              1651 8.71994004781e-11
4.2951999999999995  1652 1.05505576498e-10
4.2978              1653 1.31801805581e-10
4.3004              1654 1.65853233924e-10
4.303               1655 2.06436714945e-10
4.3056              1656 2.51352716418e-10
4.308199999999999   1657 2.97601721044e-10
4.3107999999999995  1658 3.41617623079e-10
4.3134              1659 3.79570375131e-10
4.316               1660 4.07699651817e-10
4.3186              1661 4.22673451794e-10
4.3212              1662 4.21864765343e-10
4.323799999999999   1663 4.03624023093e-10
4.3264              1664 3.6744229881e-10
4.329               1665 3.14020587311e-10
4.3316              1666 2.45255593612e-10
4.3342              1667 1.64056476737e-10
4.3368              1668 7.42134687037e-11
4.3393999999999995  1669 -1.99245342447e-11
4.342               1670 -1.13748149788e-10
4.3446              1671 -2.02706684771e-10
4.3472              1672 -2.82607492963e-10
4.3498              1673 -3.4986169517e-10
4.352399999999999   1674 -4.01727318078e-10
4.3549999999999995  1675 -4.36354508082e-10
4.3576              1676 -4.52884174607e-10
4.3602              1677 -4.51407577984e-10
4.3628              1678 -4.32876623435e-10
4.3654              1679 -3.98976407467e-10
4.367999999999999   1680 -3.51932927245e-10
4.3706              1681 -2.94378743604e-10
4.3732              1682 -2.29160926346e-10
4.3758              1683 -1.59196780758e-10
4.3784              1684 -8.73487115971e-11
4.381               1685 -1.63408592213e-11
4.3835999999999995  1686 5.13661335688e-11
4.3862              1687 1.13542272806e-10
4.3888              1688 1.68276864665e-10
4.3914              1689 2.13990339337e-10
4.394               1690 2.49454235046e-10
4.396599999999999   1691 2.73806755047e-10
4.3991999999999996  1692 2.86583423659e-10
4.4018              1693 2.87700974155e-10
4.4044              1694 2.77479594857e-10
4.407               1695 2.56625831696e-10
4.4096              1696 2.26206886556e-10
4.4121999999999995  1697 1.87614257463e-10
4.4148              1698 1.42474906872e-10
4.4174              1699 9.26254906108e-11
4.42                1700 4.0007955282e-11
4.4226              1701 -1.33992530613e-11
4.425199999999999   1702 -6.56501381036e-11
4.4277999999999995  1703 -1.1487946705e-10
4.4304              1704 -1.59384117016e-10
4.433               1705 -1.975966335e-10
4.4356              1706 -2.28143975933e-10
4.4382              1707 -2.49852138978e-10
4.440799999999999   1708 -2.61760613185e-10
4.4434              1709 -2.63140620405e-10
4.446               1710 -2.53525422877e-10
4.4486              1711 -2.32737093486e-10
4.4512              1712 -2.00939209716e-10
4.4538              1713 -1.5867815395e-10
4.4563999999999995  1714 -1.06923414567e-10
4.459               1715 -4.70947586484e-11
4.4616              1716 1.89181309507e-11
4.4642              1717 8.88285556222e-11
4.4668              1718 1.59928528753e-10
4.469399999999999   1719 2.29223834358e-10
4.4719999999999995  1720 2.93536750462e-10
4.4746              1721 3.49646533948e-10
4.4772              1722 3.94438925966e-10
4.4798              1723 4.25104618174e-10
4.4824              1724 4.39251079953e-10
4.484999999999999   1725 4.35091740414e-10
4.4876              1726 4.11568779057e-10
4.4902              1727 3.6845637652e-10
4.4928              1728 3.06440428588e-10
4.4954              1729 2.27094315575e-10
4.498               1730 1.32929528496e-10
4.5005999999999995  1731 2.72839667526e-11
4.5032              1732 -8.57846571556e-11
4.5058              1733 -2.01663227783e-10
4.5084              1734 -3.15366843751e-10
4.511               1735 -4.21865431477e-10
4.513599999999999   1736 -5.16211962065e-10
4.5161999999999995  1737 -5.93900262302e-10
4.5188              1738 -6.51100950932e-10
4.5214              1739 -6.84890810732e-10
4.524               1740 -6.93435753263e-10
4.5266              1741 -6.76117828391e-10
4.5291999999999994  1742 -6.33564756214e-10
4.5318              1743 -5.6763771461e-10
4.5344              1744 -4.81313211509e-10
4.537               1745 -3.78502340581e-10
4.5396              1746 -2.6381496987e-10
4.542199999999999   1747 -1.42308193007e-10
4.5447999999999995  1748 -1.91024557283e-11
4.5474              1749 1.00760594313e-10
4.55                1750 2.12665954291e-10
4.5526              1751 3.12612824516e-10
4.5552              1752 3.97371691108e-10
4.557799999999999   1753 4.64567717628e-10
4.5604              1754 5.12765607752e-10
4.563               1755 5.4137716532e-10
4.5656              1756 5.50656187315e-10
4.5682              1757 5.41593880854e-10
4.5708              1758 5.15808729062e-10
4.5733999999999995  1759 4.7543347037e-10
4.576               1760 4.22957002755e-10
4.5786              1761 3.61147556305e-10
4.5812              1762 2.92903257204e-10
4.5838              1763 2.2114084175e-10
4.586399999999999   1764 1.48681011947e-10
4.5889999999999995  1765 7.81534975625e-11
4.5916              1766 1.18408104502e-11
4.5942              1767 -4.83289797071e-11
4.5968              1768 -1.00906755174e-10
4.5994              1769 -1.44951009529e-10
4.601999999999999   1770 -1.80037318387e-10
4.6046              1771 -2.06228478739e-10
4.6072              1772 -2.24002996707e-10
4.6098              1773 -2.34162467194e-10
4.6124              1774 -2.37681652138e-10
4.615               1775 -2.35577335417e-10
4.6175999999999995  1776 -2.28765159593e-10
4.6202              1777 -2.17938139757e-10
4.6228              1778 -2.03487754424e-10
4.6254              1779 -1.85457982305e-10
4.628               1780 -1.63584562562e-10
4.630599999999999   1781 -1.37362440866e-10
4.6331999999999995  1782 -1.0617366708e-10
4.6358              1783 -6.94461432804e-11
4.6384              1784 -2.68353811395e-11
4.641               1785 2.16444778767e-11
4.6436              1786 7.54358242538e-11
4.646199999999999   1787 1.3337973781e-10
4.6488              1788 1.93680460558e-10
4.6514              1789 2.53942866735e-10
4.654               1790 3.11266123987e-10
4.6566              1791 3.6244585111e-10
4.6592              1792 4.04114075536e-10
4.6617999999999995  1793 4.33013847001e-10
4.6644              1794 4.46227055306e-10
4.667               1795 4.41400915818e-10
4.6696              1796 4.16953360727e-10
4.6722              1797 3.72206487853e-10
4.674799999999999   1798 3.07520231502e-10
4.6774              1799 2.24321838882e-10
4.68                1800 1.25095184211e-10
4.6826              1801 1.33054140622e-11
4.6852              1802 -1.06732650496e-10
4.6878              1803 -2.30015659297e-10
4.6903999999999995  1804 -3.51173756741e-10
4.693               1805 -4.64591032312e-10
4.6956              1806 -5.64783553259e-10
4.6982              1807 -6.46671383109e-10
4.7008              1808 -7.05865588202e-10
4.703399999999999   1809 -7.38926919652e-10
4.7059999999999995  1810 -7.43610284459e-10
4.7086              1811 -7.18988202308e-10
4.7112              1812 -6.65576482817e-10
4.7138              1813 -5.85334225534e-10
4.7164              1814 -4.81586326373e-10
4.718999999999999   1815 -3.58883367468e-10
4.7216              1816 -2.22661694638e-10
4.7242              1817 -7.90769949521e-11
4.7268              1818 6.54398341071e-11
4.7294              1819 2.04534070236e-10
4.732               1820 3.32293748073e-10
4.7345999999999995  1821 4.43566738895e-10
4.7372              1822 5.34319921641e-10
4.7398              1823 6.0171356786e-10
4.7424              1824 6.44303499442e-10
4.745               1825 6.62034205234e-10
4.747599999999999   1826 6.56160903389e-10
4.7501999999999995  1827 6.29091001514e-10
4.7528              1828 5.84122528124e-10
4.7554              1829 5.25186338862e-10
4.758               1830 4.56511717317e-10
4.7606              1831 3.82307963065e-10
4.763199999999999   1832 3.0646174487e-10
4.7658              1833 2.32278030143e-10
4.7684              1834 1.62292734807e-10
4.771               1835 9.80957953756e-11
4.7736              1836 4.03663907855e-11
4.7762              1837 -1.11415486212e-11
4.7787999999999995  1838 -5.74667258224e-11
4.7814              1839 -1.00251335011e-10
4.784               1840 -1.41489736594e-10
4.7866              1841 -1.83280057797e-10
4.7892              1842 -2.27485058568e-10
4.791799999999999   1843 -2.75482747725e-10
4.7943999999999996  1844 -3.2791436233e-10
4.797               1845 -3.84499321271e-10
4.7996              1846 -4.43919567772e-10
4.8022              1847 -5.03858954559e-10
4.8048              1848 -5.61027002632e-10
4.8073999999999995  1849 -6.11404704642e-10
4.81                1850 -6.50523412915e-10
4.8126              1851 -6.73831213049e-10
4.8152              1852 -6.77106370972e-10
4.8178              1853 -6.56878551553e-10
4.820399999999999   1854 -6.10818950975e-10
4.8229999999999995  1855 -5.38076472267e-10
4.8256              1856 -4.3949732742e-10
4.8282              1857 -3.17718518161e-10
4.8308              1858 -1.77135806023e-10
4.8334              1859 -2.35795133419e-11
4.835999999999999   1860 1.3587940495e-10
4.8386              1861 2.93507662619e-10
4.8412              1862 4.41438885446e-10
4.8438              1863 5.72253577857e-10
4.8464              1864 6.79520439917e-10
4.849               1865 7.58355378494e-10
4.8515999999999995  1866 8.05654876146e-10
4.8542              1867 8.20384871147e-10
4.8568              1868 8.03580313402e-10
4.8594              1869 7.58193730022e-10
4.862               1870 6.88779255853e-10
4.864599999999999   1871 6.01072747131e-10
4.8671999999999995  1872 5.01400920783e-10
4.8698              1873 3.96239041578e-10
4.8724              1874 2.91628721172e-10
4.875               1875 1.92756241524e-10
4.8776              1876 1.03629757553e-10
4.880199999999999   1877 2.69134298181e-11
4.8828              1878 -3.61617125133e-11
4.8854              1879 -8.56040932584e-11
4.888               1880 -1.22505297573e-10
4.8906              1881 -1.48728460103e-10
4.8932              1882 -1.66576974436e-10
4.8957999999999995  1883 -1.78466338929e-10
4.8984              1884 -1.86647711176e-10
4.901               1885 -1.92979299207e-10
4.9036              1886 -1.98804542273e-10
4.9062              1887 -2.04904510026e-10
4.908799999999999   1888 -2.11530834515e-10
4.9113999999999995  1889 -2.18496970517e-10
4.914               1890 -2.25312629665e-10
4.9166              1891 -2.31316923949e-10
4.9192              1892 -2.35814034966e-10
4.9218              1893 -2.38176589562e-10
4.9243999999999994  1894 -2.37912578527e-10
4.927               1895 -2.34699371049e-10
4.9296              1896 -2.28379037903e-10
4.9322              1897 -2.18940823804e-10
4.9348              1898 -2.06490893828e-10
4.937399999999999   1899 -1.9122607664e-10
4.9399999999999995  1900 -1.73421513261e-10
4.9426              1901 -1.53435014694e-10
4.9452              1902 -1.31731917041e-10
4.9478              1903 -1.08898806639e-10
4.9504              1904 -8.56988369158e-11
4.952999999999999   1905 -6.30741570085e-11
4.9556              1906 -4.21454954269e-11
4.9582              1907 -2.41764108733e-11
4.9608              1908 -1.05041548376e-11
4.9634              1909 -2.42496821234e-12
4.966               1910 -1.0781809473e-12
4.9685999999999995  1911 -7.28872951578e-12
4.9712              1912 -2.1425750063e-11
4.9738              1913 -4.32773261672e-11
4.9764              1914 -7.19553999717e-11
4.979               1915 -1.05880762491e-10
4.981599999999999   1916 -1.42771905409e-10
4.9841999999999995  1917 -1.7975355926e-10
4.9868              1918 -2.13502562851e-10
4.9894              1919 -2.40454101075e-10
4.992               1920 -2.5704793849e-10
4.9946              1921 -2.60011123743e-10
4.997199999999999   1922 -2.46612064103e-10
4.9998              1923 -2.14931780707e-10
5.0024              1924 -1.64073504783e-10
5.005               1925 -9.43170125334e-11
5.0076              1926 -7.21538540721e-12
5.0102              1927 9.44811173742e-11
5.0127999999999995  1928 2.06821323956e-10
5.0154              1929 3.24898996595e-10
5.018               1930 4.43099779091e-10
5.0206              1931 5.55422152715e-10
5.0232              1932 6.55846266184e-10
5.025799999999999   1933 7.38701766423e-10
5.0283999999999995  1934 7.99103005988e-10
5.031               1935 8.33193514183e-10
5.0336              1936 8.38491054367e-10
5.0362              1937 8.14065703736e-10
5.0388              1938 7.6063400023e-10
5.041399999999999   1939 6.80558942534e-10
5.044               1940 5.77653702649e-10
5.0466              1941 4.57033522139e-10
5.0492              1942 3.24726245893e-10
5.0518              1943 1.8727695783e-10
5.054399999999999   1944 5.12983544532e-11
5.0569999999999995  1945 -7.69642266585e-11
5.0596              1946 -1.92162757928e-10
5.0622              1947 -2.90064638975e-10
5.0648              1948 -3.67923469469e-10
5.0674              1949 -4.24598800564e-10
5.069999999999999   1950 -4.60562699089e-10
5.0725999999999996  1951 -4.77758277384e-10
5.0752              1952 -4.79337458614e-10
5.0778              1953 -4.69258631952e-10
5.0804              1954 -4.51847226302e-10
5.083               1955 -4.31309210569e-10
5.0855999999999995  1956 -4.11269240885e-10
5.0882              1957 -3.94390520242e-10
5.0908              1958 -3.82094800244e-10
5.0934              1959 -3.74466457842e-10
5.096               1960 -3.70286024065e-10
5.098599999999999   1961 -3.67243124799e-10
5.1011999999999995  1962 -3.62284868771e-10
5.1038              1963 -3.5205949267e-10
5.1064              1964 -3.33411742659e-10
5.109               1965 -3.03838065818e-10
5.1116              1966 -2.61905608312e-10
5.114199999999999   1967 -2.07514450068e-10
5.1168              1968 -1.42012290816e-10
5.1194              1969 -6.81321665752e-11
5.122               1970 1.02248383371e-11
5.1246              1971 8.84249617972e-11
5.1272              1972 1.61483257322e-10
5.1297999999999995  1973 2.24637169977e-10
5.1324              1974 2.73826072927e-10
5.135               1975 3.06109582127e-10
5.1376              1976 3.1996161276e-10
5.1402              1977 3.15417025831e-10
5.142799999999999   1978 2.94030577663e-10
5.1453999999999995  1979 2.58707943956e-10
5.148               1980 2.13386114334e-10
5.1506              1981 1.6262538538e-10
5.1532              1982 1.11168643735e-10
5.1558              1983 6.34546443168e-11
5.158399999999999   1984 2.32835556391e-11
5.161               1985 -6.53065101996e-12
5.1636              1986 -2.43461639737e-11
5.1662              1987 -2.97675495364e-11
5.1688              1988 -2.36035219148e-11
5.171399999999999   1989 -7.71211046413e-12
5.1739999999999995  1990 1.52197976444e-11
5.1766              1991 4.1959616337e-11
5.1792              1992 6.9032571326e-11
5.1818              1993 9.30214100192e-11
5.1844              1994 1.10839823431e-10
5.186999999999999   1995 1.19960902323e-10
5.1895999999999995  1996 1.18596216181e-10
5.1922              1997 1.05797107186e-10
5.1948              1998 8.15120332343e-11
5.1974              1999 4.65701782693e-11
5.2                 2000 2.63018773428e-12
