t y
0.0 0.0
0.003 0.0
0.006 0.0
0.009 0.0
0.012 0.0
0.015 0.0
0.018 0.0
0.021 0.0
0.024 0.0
0.027 0.0
0.03 0.0
0.033 0.0
0.036 0.0
0.039 1.40365824513e-32
0.042 -1.40987866736e-32
0.045 1.41833487984e-32
0.048 -1.44865161384e-32
0.051 1.44655100543e-32
0.054 1.45188246006e-32
0.057 -1.56173417039e-32
0.06 1.57509131269e-32
0.063 -1.42700018339e-32
0.066 1.42029707379e-32
0.069 -2.22343669126e-32
0.072 5.73867819737e-32
0.075 -1.0368014164e-31
0.078 9.49099663677e-32
0.081 3.15088028128e-32
0.084 -2.7490395358e-31
0.087 5.69368180177e-31
0.09 -8.67700935172e-31
0.093 1.11664242681e-30
0.096 -9.174060085e-31
0.099 -6.84094830145e-31
0.102 4.21017802645e-30
0.105 -7.70119801303e-30
0.108 6.70651538206e-30
0.111 5.70332790841e-31
0.114 -7.39805137357e-30
0.117 4.05460351203e-30
0.12 2.97450457148e-30
0.123 1.65773065794e-29
0.126 -8.09998046546e-29
0.129 1.36216980514e-28
0.132 -5.47720934489e-29
0.135 -2.41706278395e-28
0.138 5.98990983131e-28
0.141 -5.72322342301e-28
0.144 -2.97612678378e-28
0.147 1.79268987379e-27
0.15 -2.29141540327e-27
0.153 -7.10217770761e-28
0.156 7.30531189442e-27
0.159 -1.03974378721e-26
0.162 -3.19966393537e-27
0.165 3.64310510654e-26
0.168 -5.61883744225e-26
0.171 -3.89809954081e-27
0.174 1.63569717052e-25
0.177 -2.69843800956e-25
0.18 1.77009093478e-26
0.183 6.6415008193e-25
0.186 -1.07426486427e-24
0.189 -2.86737257242e-26
0.192 2.6632600887e-24
0.195 -3.74237743361e-24
0.198 -1.04877499349e-24
0.201 1.01097912924e-23
0.204 -1.12434924872e-23
0.207 -7.42640677037e-24
0.21 3.34977382509e-23
0.213 -2.63310189685e-23
0.216 -3.56750795463e-23
0.219 9.40327689495e-23
0.222 -4.01282719314e-23
0.225 -1.31984419027e-22
0.228 2.23071057553e-22
0.231 -7.5229223244e-24
0.234 -3.96033089804e-22
0.237 4.55491416875e-22
0.24 2.04827910745e-22
0.243 -1.05823431138e-21
0.246 8.0876721063e-22
0.249 1.09300376598e-21
0.252 -2.75908779231e-21
0.255 8.03823362539e-22
0.258 4.68490905533e-21
0.261 -6.27343550862e-21
0.264 -3.51460843169e-21
0.267 1.57571185849e-20
0.27 -6.49677104284e-21
0.273 -2.55746457787e-20
0.276 3.24044127559e-20
0.279 2.41423550831e-20
0.282 -7.72253751928e-20
0.285 9.6848026718e-21
0.288 1.30324011568e-19
0.291 -1.01524102955e-19
0.294 -1.57608137558e-19
0.297 2.67759786e-19
0.3 9.76853257528e-20
0.303 -4.96337060359e-19
0.306 1.3093766326e-19
0.309 7.35551799848e-19
0.312 -6.33299351439e-19
0.315 -8.61492012663e-19
0.318 1.52833901801e-18
0.321 6.05732782044e-19
0.324 -2.82436560176e-18
0.327 3.84646170969e-19
0.33 4.30474923735e-18
0.333 -2.24407586138e-18
0.336 -5.86966742282e-18
0.339 4.89841469503e-18
0.342 8.19719443428e-18
0.345 -8.85273837845e-18
0.348 -1.33158434859e-17
0.351 1.68914582423e-17
0.354 2.50435696788e-17
0.357 -3.66468837717e-17
0.36 -5.09869199581e-17
0.363 8.64326249838e-17
0.366 1.06024100007e-16
0.369 -2.04739761517e-16
0.372 -2.15757092592e-16
0.375 4.49483433296e-16
0.378 4.38131550676e-16
0.381 -8.79097591231e-16
0.384 -9.20216488018e-16
0.387 1.51075515335e-15
0.39 1.94957550063e-15
0.393 -2.1813353617e-15
0.396 -3.91431034992e-15
0.399 2.14306810721e-15
0.402 7.18707286339e-15
0.405 3.30053746496e-16
0.408 -1.13501152853e-14
0.411 -8.30461255861e-15
0.414 1.37255793753e-14
0.417 2.51463939596e-14
0.42 -7.62245203344e-15
0.423 -5.03795240931e-14
0.426 -2.07202368463e-14
0.429 7.27048832922e-14
0.432 8.34297027622e-14
0.435 -6.6955731866e-14
0.438 -1.86858964716e-13
0.441 -3.32073303859e-14
0.444 2.67737627858e-13
0.447 2.13125415753e-13
0.45 -4.01474101359e-13
0.453 -7.70327703535e-13
0.456 -1.90112235308e-13
0.459 2.00663812823e-13
0.462 -1.36311155505e-12
0.465 -4.6537925423e-12
0.468 -7.93438318519e-12
0.471 -1.20083864727e-11
0.474 -2.35087591755e-11
0.477 -5.09887895794e-11
0.48 -1.0220454344e-10
0.483 -1.92570820401e-10
0.486 -3.63161500871e-10
0.489 -7.12637782119e-10
0.492 -1.44259104662e-09
0.495 -2.92606916474e-09
0.498 -5.90915938403e-09
0.501 -1.19639977925e-08
0.504 -2.43023556834e-08
0.507 -4.9163968896e-08
0.51 -9.83654118158e-08
0.513 -1.94022220512e-07
0.516 -3.7682502807e-07
0.519 -7.1983606631e-07
0.522 -1.35076720653e-06
0.525 -2.4875530471e-06
0.528 -4.49331537311e-06
0.531 -7.95865253167e-06
0.534 -1.38206523843e-05
0.537 -2.3527569283e-05
0.54 -3.92591100535e-05
0.543 -6.42045051791e-05
0.546 -0.000102897152829
0.549 -0.000161586183822
0.552 -0.000248596334131
0.555 -0.000374625466065
0.558 -0.000552852812689
0.561 -0.000798727269284
0.564 -0.0011293166317
0.567 -0.00156201212667
0.57 -0.00211241771467
0.573 -0.0027915246319
0.576 -0.00360208051279
0.579 -0.00453444896266
0.582 -0.00556255504489
0.585 -0.00664040958509
0.588 -0.00770024722442
0.591 -0.00865299068391
0.594 -0.00939215626568
0.597 -0.00980133470148
0.6 -0.009765538387
0.603 -0.00918562337756
0.606 -0.0079941842705
0.609 -0.00617124093696
0.612 -0.00375652732328
0.615 -0.000856352795381
0.618 0.0023576579988
0.621 0.00565885053948
0.624 0.00878517422825
0.627 0.0114661324769
0.63 0.0134545536712
0.633 0.0145583385602
0.636 0.0146677596495
0.639 0.0137737961486
0.642 0.0119741670787
0.645 0.00946515519172
0.648 0.00652033556253
0.651 0.00345764146186
0.654 0.000601372215897
0.657 -0.00175793259405
0.66 -0.00339793530293
0.663 -0.00418950803578
0.666 -0.00410880986601
0.669 -0.00323486095294
0.672 -0.00173409318086
0.675 0.000165505698533
0.678 0.00220654625446
0.681 0.00413543591276
0.684 0.00573230208829
0.687 0.0068337675184
0.69 0.00734641449526
0.693 0.00724998163059
0.696 0.00659138383344
0.699 0.00547113642097
0.702 0.00402544299141
0.705 0.00240626838058
0.708 0.000762779091019
0.711 -0.000773920386564
0.714 -0.00210166350007
0.717 -0.00315277604386
0.72 -0.00389483361505
0.723 -0.00432728324085
0.726 -0.00447527738288
0.729 -0.00438194349408
0.732 -0.00410049129277
0.735 -0.00368695356883
0.738 -0.00319442455657
0.741 -0.00266916584224
0.744 -0.00214847852476
0.747 -0.00166024139617
0.75 -0.0012237529736
0.753 -0.000851213175338
0.756 -0.000549574382603
0.759 -0.000322172767483
0.762 -0.000169919221662
0.765 -9.19846788747e-05
0.768 -8.58881758177e-05
0.771 -0.000147130893311
0.774 -0.000268590432825
0.777 -0.000439977971837
0.78 -0.000647561450023
0.783 -0.000874395424034
0.786 -0.00110105623025
0.789 -0.001306964783
0.792 -0.00147218641359
0.795 -0.00157941563521
0.798 -0.00161594466772
0.801 -0.00157528102864
0.804 -0.00145816290751
0.807 -0.00127279688604
0.81 -0.00103420531377
0.813 -0.000762711337302
0.816 -0.000481714057969
0.819 -0.000215034655412
0.822 1.58736802405e-05
0.825 0.000194468535483
0.828 0.000311044947011
0.831 0.00036383717088
0.834 0.000359059078619
0.837 0.000309983937768
0.84 0.000235078608966
0.843 0.000155494373757
0.846 9.22425897443e-05
0.849 6.34546959191e-05
0.852 8.20856221253e-05
0.855 0.000154353605467
0.858 0.000279100553598
0.861 0.000448118604254
0.864 0.000647386186756
0.867 0.000858960731421
0.87 0.00106326851528
0.873 0.00124142225832
0.876 0.00137733609881
0.879 0.00145931518637
0.882 0.00148098613136
0.885 0.00144157861359
0.888 0.00134554738179
0.891 0.00120172824245
0.894 0.0010221573757
0.897 0.000820753048174
0.9 0.000612037430983
0.903 0.000410021457355
0.906 0.00022727814212
0.909 7.42546471884e-05
0.912 -4.12296540162e-05
0.915 -0.000114344918984
0.918 -0.000143456054502
0.921 -0.000130251151859
0.924 -7.97472894192e-05
0.927 -1.33075729991e-07
0.93 9.75790899247e-05
0.933 0.000200172624318
0.936 0.000293116143439
0.939 0.000361699349014
0.942 0.000392353453208
0.945 0.000374037597794
0.948 0.000299561215797
0.951 0.000166668003658
0.954 -2.12754093809e-05
0.957 -0.000255116203334
0.96 -0.000520315952599
0.963 -0.000797967368271
0.966 -0.00106625666376
0.969 -0.00130230013747
0.972 -0.00148418871686
0.975 -0.00159288418945
0.978 -0.00161391019356
0.981 -0.0015386302257
0.984 -0.00136502075475
0.987 -0.0010978912469
0.99 -0.00074859673623
0.993 -0.000334243959514
0.996 0.000123437959701
0.999 0.000599439954385
1.002 0.00106708379462
1.005 0.00149959116243
1.008 0.00187175290193
1.011 0.00216148747131
1.014 0.00235130731016
1.017 0.00242952047847
1.02 0.00239113601856
1.023 0.00223834509961
1.026 0.00198047375306
1.029 0.00163339579012
1.032 0.00121840042993
1.035 0.000760562485084
1.038 0.00028683320852
1.041 -0.000176146117155
1.044 -0.000604023574851
1.047 -0.000976533163339
1.05 -0.00127882719971
1.053 -0.00150219013449
1.056 -0.0016441855114
1.059 -0.00170817913022
1.062 -0.00170236546546
1.065 -0.00163845601492
1.068 -0.00153017626144
1.071 -0.0013917805627
1.074 -0.00123670999892
1.077 -0.00107654754538
1.08 -0.00092026591301
1.083 -0.00077390082879
1.086 -0.000640553131234
1.089 -0.000520677363966
1.092 -0.000412613619119
1.095 -0.000313259748509
1.098 -0.000218854620471
1.101 -0.000125719074276
1.104 -3.09595525323e-05
1.107 6.6956403316e-05
1.11 0.000167781312484
1.113 0.000269274984021
1.116 0.000367226835806
1.119 0.00045576094999
1.122 0.000527848955244
1.125 0.000576055957936
1.128 0.000593430828303
1.131 0.000574467878323
1.134 0.000516033032909
1.137 0.000418115174398
1.14 0.000284327252302
1.143 0.000122047415061
1.146 -5.78553845116e-05
1.149 -0.000241681467742
1.152 -0.000413967791246
1.155 -0.00055881444132
1.158 -0.000661457364913
1.161 -0.000709771644324
1.164 -0.000695675553288
1.167 -0.000616231875028
1.17 -0.000474292726722
1.173 -0.000278647523373
1.176 -4.35114598076e-05
1.179 0.000212516257307
1.182 0.000468054786325
1.185 0.000700890901498
1.188 0.000890155788511
1.191 0.0010184411658
1.194 0.00107363401912
1.197 0.00105029030237
1.2 0.000950286514126
1.203 0.000782705843449
1.206 0.000562922563404
1.209 0.00031098985346
1.212 4.95499807585e-05
1.215 -0.000198603098397
1.218 -0.000412830821006
1.221 -0.00057666329667
1.224 -0.000679280783515
1.227 -0.000716280075721
1.23 -0.000689689768478
1.233 -0.000607297115494
1.236 -0.000481410854263
1.239 -0.000327267422108
1.242 -0.000161261588801
1.245 7.51854770442e-07
1.248 0.000144940699101
1.251 0.000260583969066
1.254 0.000340801983839
1.257 0.000382776896004
1.26 0.000387587497244
1.263 0.000359668920282
1.266 0.000306006055325
1.269 0.000235139901633
1.272 0.000156107111252
1.275 7.74218569859e-05
1.278 6.21274466539e-06
1.281 -5.23890885233e-05
1.284 -9.55680006882e-05
1.287 -0.000122819270473
1.29 -0.00013564384426
1.293 -0.000137014896609
1.296 -0.000130701708258
1.299 -0.000120598888316
1.302 -0.000110151675472
1.305 -0.000101964251371
1.308 -9.76225419436e-05
1.311 -9.77303061518e-05
1.314 -0.000102084093669
1.317 -0.000109914872155
1.32 -0.000120098746265
1.323 -0.000131277352921
1.326 -0.000141844895552
1.329 -0.00014983334404
1.332 -0.000152753767907
1.335 -0.000147493017721
1.338 -0.000130365398945
1.341 -9.73774367594e-05
1.344 -4.4736527343e-05
1.347 3.04666227748e-05
1.35 0.000129475520225
1.353 0.000251148478128
1.356 0.000391469569877
1.359 0.000543411297258
1.362 0.000697201641742
1.365 0.000841081142426
1.368 0.000962380960118
1.371 0.0010488552507
1.374 0.00109005579725
1.377 0.00107854430098
1.38 0.00101079314481
1.383 0.000887664908078
1.386 0.000714370573405
1.389 0.000500001769979
1.392 0.000256651255768
1.395 -1.70902319496e-06
1.398 -0.000260415166849
1.401 -0.000505343894474
1.404 -0.000723913253751
1.407 -0.000905890250579
1.41 -0.00104393006768
1.413 -0.00113382725976
1.416 -0.0011745194206
1.419 -0.00116787385195
1.422 -0.00111829768866
1.425 -0.00103223335464
1.428 -0.000917571655009
1.431 -0.000783029361628
1.434 -0.000637505669147
1.437 -0.000489535857923
1.44 -0.000346765271388
1.443 -0.000215620515519
1.446 -0.000101113299024
1.449 -6.82023892296e-06
1.452 6.49864596198e-05
1.455 0.000113094400149
1.458 0.000137061360874
1.461 0.000136971735628
1.464 0.000113293601316
1.467 6.69088185532e-05
1.47 -6.94162167747e-07
1.473 -8.71032098075e-05
1.476 -0.000188610443729
1.479 -0.000299966050079
1.482 -0.000414313108195
1.485 -0.000523424881976
1.488 -0.000618292775471
1.491 -0.000690019631293
1.494 -0.000730883446522
1.497 -0.000735440058634
1.5 -0.000701392884366
1.503 -0.000630075344816
1.506 -0.000526398711372
1.509 -0.000398226431571
1.512 -0.000255239079706
1.515 -0.000107505416963
1.518 3.60866652045e-05
1.521 0.000169121514773
1.524 0.000288532377454
1.527 0.000394836446503
1.53 0.000491700891871
1.533 0.000584864639677
1.536 0.000680679280777
1.539 0.000784447474871
1.542 0.000898915284779
1.545 0.00102316145785
1.548 0.00115212087985
1.551 0.0012768197339
1.554 0.00138527317904
1.557 0.00146397610661
1.56 0.00149967696052
1.563 0.00148121651728
1.566 0.00140115537215
1.569 0.00125694496091
1.572 0.00105154945049
1.575 0.00079335202463
1.578 0.000495473737828
1.581 0.000174569446244
1.584 -0.000150732987095
1.587 -0.000461558549432
1.59 -0.000740407558624
1.593 -0.000972646404989
1.596 -0.0011475404026
1.599 -0.00125888618641
1.602 -0.00130516279023
1.605 -0.00128922448494
1.608 -0.00121762149502
1.611 -0.00109968369361
1.614 -0.000946426240262
1.617 -0.000769461214077
1.62 -0.000580030551646
1.623 -0.000388214742998
1.626 -0.000202391980565
1.629 -2.89901217911e-05
1.632 0.000127583785797
1.635 0.000264757894911
1.638 0.000381510879379
1.641 0.000478013447719
1.644 0.00055525440257
1.647 0.000614715274423
1.65 0.000658081087749
1.653 0.000687024614308
1.656 0.000703003723174
1.659 0.000707102299202
1.662 0.000699893280398
1.665 0.000681329576764
1.668 0.000650696805678
1.671 0.00060664099874
1.674 0.0005473124329
1.677 0.000470643746667
1.68 0.000374773837393
1.683 0.000258567917626
1.686 0.000122172685224
1.689 -3.24721841025e-05
1.692 -0.000201317263418
1.695 -0.000378109660232
1.698 -0.000554633443244
1.701 -0.000721298449207
1.704 -0.000867971684784
1.707 -0.000985065475106
1.71 -0.00106458168011
1.713 -0.00110105099156
1.716 -0.00109215860721
1.719 -0.00103897950612
1.722 -0.00094575266121
1.725 -0.000819258682895
1.728 -0.000667878426611
1.731 -0.000500546651892
1.734 -0.000325755681843
1.737 -0.00015077435819
1.74 1.87720070244e-05
1.743 0.000178934133146
1.746 0.00032718750299
1.749 0.000461875635665
1.752 0.000581586849876
1.755 0.000684607308358
1.758 0.000768572674133
1.761 0.000830416451208
1.764 0.000866655842401
1.767 0.00087392522255
1.77 0.000849677016959
1.773 0.00079290085705
1.776 0.000704718346242
1.779 0.000588711176533
1.782 0.000450925639598
1.785 0.000299447827274
1.788 0.000143702389323
1.791 -6.53166807751e-06
1.794 -0.000142208591569
1.797 -0.00025606478448
1.8 -0.000343432533555
1.803 -0.000402774807299
1.806 -0.000435768801253
1.809 -0.000446982099675
1.812 -0.000443158962298
1.815 -0.000432214437751
1.818 -0.000422065961175
1.821 -0.000419464515289
1.824 -0.000428978586569
1.827 -0.000452260544989
1.83 -0.000487690675072
1.833 -0.000530438439455
1.836 -0.000572931719944
1.839 -0.00060569262132
1.842 -0.000618456397206
1.845 -0.0006014368264
1.848 -0.000546607130673
1.851 -0.000448857812444
1.854 -0.000306912086671
1.857 -0.000123911100673
1.86 9.24777341424e-05
1.863 0.000330386741553
1.866 0.000574555771891
1.869 0.000807563017588
1.872 0.00101133494172
1.875 0.00116885139141
1.878 0.00126578810159
1.881 0.00129203207325
1.884 0.00124275195412
1.887 0.00111898873001
1.89 0.000927641696762
1.893 0.000680881552398
1.896 0.000394972943468
1.899 8.87667265488e-05
1.902 -0.000218021465116
1.905 -0.000506545999087
1.908 -0.000760303053539
1.911 -0.000966256600805
1.914 -0.00111545575783
1.917 -0.00120316224638
1.92 -0.00122856581584
1.923 -0.00119414378423
1.926 -0.00110487779602
1.929 -0.000967469764873
1.932 -0.000789709913079
1.935 -0.000579983461648
1.938 -0.000347056397004
1.941 -0.000100002114777
1.944 0.00015175374574
1.947 0.00039842852857
1.95 0.00062997470377
1.953 0.000836310093291
1.956 0.0010077918414
1.959 0.00113575579599
1.962 0.00121316127479
1.965 0.00123519613408
1.968 0.00119976105634
1.971 0.00110777490772
1.974 0.000963213911746
1.977 0.000772920669988
1.98 0.000546201481484
1.983 0.000294229394058
1.986 2.93419743684e-05
1.989 -0.000235679850448
1.992 -0.000488423625939
1.995 -0.000717519200407
1.998 -0.000913274008781
2.001 -0.00106818566564
2.004 -0.00117725448217
2.007 -0.0012382111745
2.01 -0.00125141243916
2.013 -0.00121964386199
2.016 -0.00114766915794
2.019 -0.0010416774312
2.022 -0.000908626825549
2.025 -0.000755578046665
2.028 -0.000589108327404
2.031 -0.000414969370468
2.034 -0.000237768676016
2.037 -6.10951756244e-05
2.04 0.000112443143735
2.043 0.000280777458102
2.046 0.000442118209321
2.049 0.000594568264205
2.052 0.000735895417165
2.055 0.000863512512296
2.058 0.000974454742391
2.061 0.00106563500594
2.064 0.00113403960131
2.067 0.00117702945136
2.07 0.00119251175784
2.073 0.00117910676636
2.076 0.00113619689364
2.079 0.00106390286237
2.082 0.000963085796684
2.085 0.000835311366245
2.088 0.000682896410581
2.091 0.000509066623636
2.094 0.000318008300383
2.097 0.000115130344057
2.1 -9.3041715445e-05
2.103 -0.000298813829431
2.106 -0.000493744504638
2.109 -0.000669069355354
2.112 -0.000816397659946
2.115 -0.000928522844333
2.118 -0.001000245451
2.121 -0.00102901749779
2.124 -0.00101541390177
2.127 -0.000963246216998
2.13 -0.000879320548847
2.133 -0.000772787199821
2.136 -0.000654230883811
2.139 -0.000534458376933
2.142 -0.000423357472755
2.145 -0.000328726833686
2.148 -0.000255416030996
2.151 -0.000204847048735
2.154 -0.000174923072336
2.157 -0.000160427138326
2.16 -0.000153832821525
2.163 -0.000146413643961
2.166 -0.000129502004711
2.169 -9.57633674261e-05
2.172 -4.02642544941e-05
2.175 3.87435466109e-05
2.178 0.000139510229928
2.181 0.000256894214544
2.184 0.000382910424378
2.187 0.000507714401465
2.19 0.000620696868282
2.193 0.000711781729478
2.196 0.00077253516065
2.199 0.000797126500402
2.202 0.000782874238212
2.205 0.000730458763428
2.208 0.000643716019113
2.211 0.00052907288773
2.214 0.000394798349589
2.217 0.000250062235864
2.22 0.000104028462374
2.223 -3.48870489688e-05
2.226 -0.000159713628818
2.229 -0.000265227776254
2.232 -0.000348171568476
2.235 -0.000407161540352
2.238 -0.000442532415036
2.241 -0.000456023903098
2.244 -0.000450474763056
2.247 -0.000429482635809
2.25 -0.000397080701077
2.253 -0.000357453449396
2.256 -0.000314647506457
2.259 -0.00027231342392
2.262 -0.000233486280194
2.265 -0.000200360504095
2.268 -0.000174178028828
2.271 -0.000155143497977
2.274 -0.00014249162632
2.277 -0.000134630288812
2.28 -0.000129404827021
2.283 -0.000124420635984
2.286 -0.000117394076369
2.289 -0.000106474355562
2.292 -9.04900152818e-05
2.295 -6.9085843279e-05
2.298 -4.27148843301e-05
2.301 -1.2525789316e-05
2.304 1.98696070584e-05
2.307 5.26515032107e-05
2.31 8.40776774567e-05
2.313 0.000112689638627
2.316 0.000137478564284
2.319 0.000157942718943
2.322 0.000174049651832
2.325 0.000186136065167
2.328 0.000194754538825
2.331 0.000200501919608
2.334 0.00020385440439
2.337 0.000205036179977
2.34 0.000203926552786
2.343 0.000200022375793
2.346 0.000192464925931
2.349 0.000180127259227
2.352 0.000161767646205
2.355 0.000136245958856
2.358 0.000102761892776
2.361 6.11294963164e-05
2.364 1.19985334095e-05
2.367 -4.29653846368e-05
2.37 -0.000101059886219
2.373 -0.000158617345733
2.376 -0.000211296908674
2.379 -0.000254475482507
2.382 -0.000283794070128
2.385 -0.000295691832434
2.388 -0.000287944916636
2.391 -0.000260050175712
2.394 -0.000213433726458
2.397 -0.000151390791871
2.4 -7.8834607848e-05
2.403 -1.74712488388e-06
2.406 7.34165660106e-05
2.409 0.000140484902658
2.412 0.00019421352772
2.415 0.000230841702432
2.418 0.000248461466981
2.421 0.000247151387157
2.424 0.000228868550039
2.427 0.000197152781766
2.43 0.000156648922712
2.433 0.000112571920909
2.436 7.01051176293e-05
2.439 3.3876116504e-05
2.442 7.47968306314e-06
2.445 -6.83200642015e-06
2.448 -8.34285128803e-06
2.451 2.11337351175e-06
2.454 2.22891267185e-05
2.457 4.88008299726e-05
2.46 7.75286607677e-05
2.463 0.000104099613964
2.466 0.000124398065964
2.469 0.000135078997118
2.472 0.000133975496283
2.475 0.000120389828226
2.478 9.51934925979e-05
2.481 6.07168622082e-05
2.484 2.04480838875e-05
2.487 -2.14340452658e-05
2.49 -6.06571265962e-05
2.493 -9.34316485655e-05
2.496 -0.000116998817248
2.499 -0.000129988606204
2.502 -0.000132584289531
2.505 -0.000126427054056
2.508 -0.000114303351438
2.511 -9.96560047497e-05
2.514 -8.59931533341e-05
2.517 -7.63143179938e-05
2.52 -7.2615519457e-05
2.523 -7.55729779485e-05
2.526 -8.44403111842e-05
2.529 -9.71802219283e-05
2.532 -0.000110789289465
2.535 -0.000121788347315
2.538 -0.000126775485114
2.541 -0.000122984944028
2.544 -0.000108751330117
2.547 -8.38291671243e-05
2.55 -4.95085805596e-05
2.553 -8.50068590807e-06
2.556 3.53664727299e-05
2.559 7.76258311816e-05
2.562 0.000113783848064
2.565 0.000139921015943
2.568 0.00015327942674
2.571 0.000152685097419
2.574 0.000138778821565
2.577 0.000113997448352
2.58 8.22989895823e-05
2.583 4.86581557197e-05
2.586 1.84090476978e-05
2.589 -3.50863888343e-06
2.592 -1.32744507937e-05
2.595 -8.77642560226e-06
2.598 1.00093002402e-05
2.601 4.09232197853e-05
2.604 7.98097389634e-05
2.607 0.000121026285342
2.61 0.000158127921168
2.613 0.000184736374649
2.616 0.000195389817236
2.619 0.000186319070053
2.622 0.000156007430633
2.625 0.000105474406155
2.628 3.82104735763e-05
2.631 -4.01810539188e-05
2.634 -0.000122674144222
2.637 -0.000201618604478
2.64 -0.000269692856818
2.643 -0.000320724298945
2.646 -0.000350401562173
2.649 -0.000356662785634
2.652 -0.000339824851835
2.655 -0.000302377156913
2.658 -0.000248548516538
2.661 -0.000183664844371
2.664 -0.00011350481509
2.667 -4.35999900219e-05
2.67 2.1243467927e-05
2.673 7.73418360041e-05
2.676 0.000122276236652
2.679 0.000154892069986
2.682 0.000175164139364
2.685 0.000183979122085
2.688 0.000182877629413
2.691 0.000173821725184
2.694 0.000158984039444
2.697 0.000140580377774
2.7 0.000120723132568
2.703 0.000101305289718
2.706 8.38792038849e-05
2.709 6.95650014677e-05
2.712 5.89528353885e-05
2.715 5.20417816006e-05
2.718 4.82174218632e-05
2.721 4.62806347059e-05
2.724 4.45462937932e-05
2.727 4.10075808759e-05
2.73 3.35548065777e-05
2.733 2.02300452656e-05
2.736 -4.99784334806e-07
2.739 -2.94805122394e-05
2.742 -6.66504347464e-05
2.745 -0.000110901317385
2.748 -0.000160014533321
2.751 -0.000210714104469
2.754 -0.000258870859398
2.757 -0.000299777864711
2.76 -0.000328587950207
2.763 -0.000340787169989
2.766 -0.000332726660417
2.769 -0.000302112399368
2.772 -0.000248412310611
2.775 -0.000173098218511
2.778 -7.97184256953e-05
2.781 2.62863377429e-05
2.784 0.000137996074045
2.787 0.000247613992542
2.79 0.000347153400071
2.793 0.000429278996307
2.796 0.000487965997308
2.799 0.000519155000802
2.802 0.000521077134181
2.805 0.000494392239489
2.808 0.000442007265519
2.811 0.000368685141439
2.814 0.000280423206277
2.817 0.000183805008419
2.82 8.52693192428e-05
2.823 -9.44317343965e-06
2.826 -9.5774026704e-05
2.829 -0.000170521656401
2.832 -0.000231906262343
2.835 -0.000279377156403
2.838 -0.00031334994128
2.841 -0.000334830663633
2.844 -0.000345092295902
2.847 -0.000345391017618
2.85 -0.000336792261805
2.853 -0.000320108083542
2.856 -0.000295941252261
2.859 -0.000264787231572
2.862 -0.000227184573305
2.865 -0.000183829033631
2.868 -0.000135688387672
2.871 -8.40155626065e-05
2.874 -3.0345916457e-05
2.877 2.36016367126e-05
2.88 7.59992108215e-05
2.883 0.000125051708892
2.886 0.000169104372617
2.889 0.00020672068058
2.892 0.000236772830249
2.895 0.000258451414993
2.898 0.000271296827123
2.901 0.000275168946246
2.904 0.000270228862064
2.907 0.000256897474173
2.91 0.000235820072703
2.913 0.000207832432352
2.916 0.000173920707311
2.919 0.000135208072606
2.922 9.29379966692e-05
2.925 4.84377378598e-05
2.928 3.11976782541e-06
2.931 -4.15767244704e-05
2.934 -8.42131048557e-05
2.937 -0.000123432997498
2.94 -0.000158007620485
2.943 -0.000186920064152
2.946 -0.000209413512493
2.949 -0.000225012423471
2.952 -0.00023352856806
2.955 -0.00023502849217
2.958 -0.00022977401386
2.961 -0.000218155546463
2.964 -0.000200624548597
2.967 -0.000177661277121
2.97 -0.000149749874254
2.973 -0.000117420822789
2.976 -8.12871949165e-05
2.979 -4.21210497734e-05
2.982 -9.1802667157e-07
2.985 4.10877073591e-05
2.988 8.24095332064e-05
2.991 0.000121387129184
2.994 0.000156268622959
2.997 0.000185358017916
3.0 0.000207132135984
3.003 0.000220377478399
3.006 0.000224269882892
3.009 0.00021842904971
3.012 0.000202926181373
3.015 0.000178267917363
3.018 0.000145360580063
3.021 0.000105493301817
3.024 6.02938671364e-05
3.027 1.1739670299e-05
3.03 -3.79044067813e-05
3.033 -8.61025037011e-05
3.036 -0.000130172178615
3.039 -0.000167416539625
3.042 -0.000195327767869
3.045 -0.000211829115869
3.048 -0.000215519117774
3.051 -0.00020587167819
3.054 -0.000183375290362
3.057 -0.00014954591461
3.06 -0.000106835759652
3.063 -5.83962682867e-05
3.066 -7.78313460614e-06
3.069 4.14278620156e-05
3.072 8.59652500367e-05
3.075 0.0001231819042
3.078 0.000151249871124
3.081 0.000169234044733
3.084 0.000177065987373
3.087 0.000175408422365
3.09 0.000165451609064
3.093 0.000148696140968
3.096 0.000126740240376
3.099 0.000101134450233
3.102 7.32693588361e-05
3.105 4.43626449851e-05
3.108 1.54605550051e-05
3.111 -1.25057149489e-05
3.114 -3.8665770262e-05
3.117 -6.21835279162e-05
3.12 -8.22310103104e-05
3.123 -9.80261756922e-05
3.126 -0.000108878157334
3.129 -0.000114272006613
3.132 -0.000113948961371
3.135 -0.000107990235847
3.138 -9.68769018073e-05
3.141 -8.15073799458e-05
3.144 -6.31799339317e-05
3.147 -4.35075562564e-05
3.15 -2.42835358222e-05
3.153 -7.30798910809e-06
3.156 5.83308883506e-06
3.159 1.39650273923e-05
3.162 1.65064702742e-05
3.165 1.35612199301e-05
3.168 5.92006153965e-06
3.171 -5.05134630657e-06
3.174 -1.76207868208e-05
3.177 -2.99670300592e-05
3.18 -4.04732854804e-05
3.183 -4.79643385916e-05
3.186 -5.1846880524e-05
3.189 -5.21159818163e-05
3.192 -4.92260442115e-05
3.195 -4.38627357653e-05
3.198 -3.66764943465e-05
3.201 -2.80467465927e-05
3.204 -1.79593334906e-05
3.207 -6.02697900831e-06
3.21 8.33148442325e-06
3.213 2.5589735742e-05
3.216 4.57756614196e-05
3.219 6.81855090079e-05
3.222 9.12438335945e-05
3.225 0.000112562025606
3.228 0.000129245614517
3.231 0.000138363015139
3.234 0.000137542068842
3.237 0.000125526130432
3.24 0.00010258853581
3.243 7.06920400262e-05
3.246 3.33432544721e-05
3.249 -4.88321438752e-06
3.252 -3.90207533201e-05
3.255 -6.45409891149e-05
3.258 -7.81185226515e-05
3.261 -7.82345887274e-05
3.264 -6.54632676742e-05
3.267 -4.24083191319e-05
3.27 -1.32916611619e-05
3.273 1.67510843312e-05
3.276 4.2496718379e-05
3.279 5.94903722231e-05
3.282 6.47354972898e-05
3.285 5.71234122617e-05
3.288 3.75381059712e-05
3.291 8.6361051217e-06
3.294 -2.56685907516e-05
3.297 -6.0854574258e-05
3.3 -9.25241693039e-05
3.303 -0.000117022449558
3.306 -0.000131890905323
3.309 -0.000136086528073
3.312 -0.000129949577968
3.315 -0.000114958507766
3.318 -9.33516930672e-05
3.321 -6.7680637585e-05
3.324 -4.04130514653e-05
3.327 -1.36095131893e-05
3.33 1.12414509204e-05
3.333 3.32693998644e-05
3.336 5.21213769389e-05
3.339 6.78055730532e-05
3.342 8.04917071946e-05
3.345 9.03287436813e-05
3.348 9.73240530584e-05
3.351 0.000101291887404
3.354 0.000101878009445
3.357 9.86464583548e-05
3.36 9.12027608138e-05
3.363 7.93247236288e-05
3.366 6.30771100987e-05
3.369 4.28873427154e-05
3.372 1.95680167963e-05
3.375 -5.70335805605e-06
3.378 -3.14544777211e-05
3.381 -5.60423432034e-05
3.384 -7.77800523792e-05
3.387 -9.5103176136e-05
3.39 -0.000106713472633
3.393 -0.000111723049486
3.396 -0.000109754262667
3.399 -0.000101005411125
3.402 -8.62543747644e-05
3.405 -6.68078428134e-05
3.408 -4.43847857241e-05
3.411 -2.09464014915e-05
3.414 1.50794505771e-06
3.417 2.11442547879e-05
3.42 3.65001287719e-05
3.423 4.66171186417e-05
3.426 5.11305624968e-05
3.429 5.02614057041e-05
3.432 4.47444035672e-05
3.435 3.569193359e-05
3.438 2.4428100005e-05
3.441 1.23109348351e-05
3.444 5.91103571423e-07
3.447 -9.69455959421e-06
3.45 -1.7762018615e-05
3.453 -2.30789246416e-05
3.456 -2.53198486462e-05
3.459 -2.43194244831e-05
3.462 -2.00354024855e-05
3.465 -1.2539952877e-05
3.468 -2.0484083052e-06
3.471 1.10321216198e-05
3.474 2.60463712038e-05
3.477 4.20453579864e-05
3.48 5.77982609684e-05
3.483 7.18470764696e-05
3.486 8.26444447739e-05
3.489 8.87317801244e-05
3.492 8.89539151103e-05
3.495 8.26541363494e-05
3.498 6.98237781762e-05
3.501 5.11708058184e-05
3.504 2.80781023321e-05
3.507 2.47779621532e-06
3.51 -2.33767113968e-05
3.513 -4.71802704851e-05
3.516 -6.6843284003e-05
3.519 -8.07450560387e-05
3.522 -8.78897917573e-05
3.525 -8.79969884409e-05
3.528 -8.14829545561e-05
3.531 -6.93690453772e-05
3.534 -5.31340338057e-05
3.537 -3.45410371665e-05
3.54 -1.54625195137e-05
3.543 2.28067051466e-06
3.546 1.7042080799e-05
3.549 2.74538615486e-05
3.552 3.25150031131e-05
3.555 3.16532496072e-05
3.558 2.47842872341e-05
3.561 1.23520067064e-05
3.564 -4.66134542876e-06
3.567 -2.4752718673e-05
3.57 -4.59818147647e-05
3.573 -6.61090307403e-05
3.576 -8.27838375699e-05
3.579 -9.37889853958e-05
3.582 -9.7294599982e-05
3.585 -9.20931634028e-05
3.588 -7.77859095251e-05
3.591 -5.48791322217e-05
3.594 -2.47929565376e-05
3.597 1.02729527498e-05
3.6 4.75363485748e-05
3.603 8.39473141241e-05
3.606 0.000116509232612
3.609 0.000142607750604
3.612 0.000160304683959
3.615 0.000168519545696
3.618 0.000167124337167
3.621 0.000156902926392
3.624 0.000139400595799
3.627 0.000116691720905
3.63 9.10834496608e-05
3.633 6.48260756861e-05
3.636 3.98327538278e-05
3.639 1.74954202521e-05
3.642 -1.43350280268e-06
3.645 -1.68412825587e-05
3.648 -2.91577416647e-05
3.651 -3.91964567825e-05
3.654 -4.79324007756e-05
3.657 -5.62870845897e-05
3.66 -6.49241701467e-05
3.663 -7.41112744436e-05
3.666 -8.36475373944e-05
3.669 -9.28770678001e-05
3.672 -0.00010078244668
3.675 -0.000106143495941
3.678 -0.000107732485048
3.681 -0.000104525919596
3.684 -9.58984601311e-05
3.687 -8.17740947241e-05
3.69 -6.27048793831e-05
3.693 -3.98782940465e-05
3.696 -1.5019413695e-05
3.699 9.7637393992e-06
3.702 3.22188680002e-05
3.705 5.02098409925e-05
3.708 6.19739003014e-05
3.711 6.6357308242e-05
3.714 6.29802016192e-05
3.717 5.23106828041e-05
3.72 3.56437813025e-05
3.723 1.49651887114e-05
3.726 -7.25623203834e-06
3.729 -2.83678164124e-05
3.732 -4.58273243567e-05
3.735 -5.75127123739e-05
3.738 -6.19605634711e-05
3.741 -5.85349371249e-05
3.744 -4.749150321e-05
3.747 -2.99372604786e-05
3.75 -7.68426707509e-06
3.753 1.69642753463e-05
3.756 4.14962378272e-05
3.759 6.34614771116e-05
3.762 8.07509786682e-05
3.765 9.18071236811e-05
3.768 9.57834199653e-05
3.771 9.26099528442e-05
3.774 8.29832424643e-05
3.777 6.82667305227e-05
3.78 5.03290175402e-05
3.783 3.13116288453e-05
3.786 1.33853418447e-05
3.789 -1.52766426709e-06
3.792 -1.1983429431e-05
3.795 -1.72169238795e-05
3.798 -1.72491254489e-05
3.801 -1.2901206901e-05
3.804 -5.69734902456e-06
3.807 2.34036883739e-06
3.81 8.97526660992e-06
3.813 1.20863978736e-05
3.816 9.99875101115e-06
3.819 1.7563562551e-06
3.822 -1.27015910039e-05
3.825 -3.24898974213e-05
3.828 -5.58791471121e-05
3.831 -8.0508456449e-05
3.834 -0.000103711769043
3.837 -0.000122877914691
3.84 -0.000135791357025
3.843 -0.000140917763929
3.846 -0.000137573253596
3.849 -0.000125959442812
3.852 -0.000107075436972
3.855 -8.25131864985e-05
3.858 -5.42120251339e-05
3.861 -2.41657744482e-05
3.864 5.79519019084e-06
3.867 3.4188360587e-05
3.87 5.99442792009e-05
3.873 8.23933805805e-05
3.876 0.000101195248135
3.879 0.000116207636893
3.882 0.000127379011246
3.885 0.000134657369927
3.888 0.000137964801979
3.891 0.000137221475597
3.894 0.000132420958835
3.897 0.000123723249999
3.9 0.000111530302092
3.903 9.65306899161e-05
3.906 7.96758977231e-05
3.909 6.20976134087e-05
3.912 4.49802755611e-05
3.915 2.93882112601e-05
3.918 1.61182797456e-05
3.921 5.56309259991e-06
3.924 -2.34195522353e-06
3.927 -8.11392510514e-06
3.93 -1.2635042367e-05
3.933 -1.70115072251e-05
3.936 -2.2395135602e-05
3.939 -2.97985861835e-05
3.942 -3.99290947826e-05
3.945 -5.30651632289e-05
3.948 -6.89973458066e-05
3.951 -8.7020045612e-05
3.954 -0.000105997583887
3.957 -0.000124464917462
3.96 -0.000140781077789
3.963 -0.000153283195687
3.966 -0.000160462062922
3.969 -0.000161113639479
3.972 -0.000154466732056
3.975 -0.000140273783472
3.978 -0.000118847769045
3.981 -9.10438029678e-05
3.984 -5.82041466259e-05
3.987 -2.20352558244e-05
3.99 1.55186444317e-05
3.993 5.24222487002e-05
3.996 8.66912378115e-05
3.999 0.000116518931463
4.002 0.000140353382449
4.005 0.000156964946655
4.008 0.000165483725141
4.011 0.000165418852703
4.014 0.000156688372954
4.017 0.000139646028401
4.02 0.000115128059406
4.023 8.44662208692e-05
4.026 4.94876621815e-05
4.029 1.24983680507e-05
4.032 -2.38667544181e-05
4.035 -5.68088689761e-05
4.038 -8.36072285892e-05
4.041 -0.000101932651887
4.044 -0.000110125591164
4.047 -0.000107441279397
4.05 -9.42068509175e-05
4.053 -7.18505471013e-05
4.056 -4.27740596933e-05
4.059 -1.01026944321e-05
4.062 2.26577612921e-05
4.065 5.20563444297e-05
4.068 7.50964973122e-05
4.071 8.95760822459e-05
4.074 9.43537597777e-05
4.077 8.94285403774e-05
4.08 7.59038666729e-05
4.083 5.57927014597e-05
4.086 3.17341691698e-05
4.089 6.61954300085e-06
4.092 -1.67764101207e-05
4.095 -3.61432903446e-05
4.098 -4.98975532537e-05
4.101 -5.73611032451e-05
4.104 -5.87948707107e-05
4.107 -5.53197023692e-05
4.11 -4.87211691507e-05
4.113 -4.1173720092e-05
4.116 -3.49037618435e-05
4.119 -3.18589081871e-05
4.122 -3.34100332111e-05
4.125 -4.01285942644e-05
4.128 -5.16777981829e-05
4.131 -6.68136999593e-05
4.134 -8.35336541058e-05
4.137 -9.93086650851e-05
4.14 -0.000111395936983
4.143 -0.000117210001918
4.146 -0.000114649199531
4.149 -0.000102396115835
4.152 -8.01089554443e-05
4.155 -4.85225282318e-05
4.158 -9.39984965953e-06
4.161 3.46143897332e-05
4.164 8.02089416538e-05
4.167 0.000123770601931
4.17 0.000161694639246
4.173 0.00019072231953
4.176 0.000208286073757
4.179 0.000212723563891
4.182 0.000203455900191
4.185 0.00018104010087
4.188 0.000147123340867
4.191 0.000104314109194
4.194 5.59250511287e-05
4.197 5.67545839658e-06
4.2 -4.26195001637e-05
4.203 -8.54608442751e-05
4.206 -0.00011990636267
4.209 -0.000143875382491
4.212 -0.000156267851708
4.215 -0.000157006419613
4.218 -0.000146969250636
4.221 -0.000127808030811
4.224 -0.000101725738205
4.227 -7.11820830475e-05
4.23 -3.86469728255e-05
4.233 -6.3995257733e-06
4.236 2.36490250245e-05
4.239 4.99868438055e-05
4.242 7.15220085112e-05
4.245 8.75144905876e-05
4.248 9.75083676167e-05
4.251 0.00010126610141
4.254 9.87457387964e-05
4.257 9.01108069229e-05
4.26 7.57806847105e-05
4.263 5.6491484429e-05
4.266 3.33717107424e-05
4.269 7.94216248323e-06
4.272 -1.79143771675e-05
4.275 -4.20549258706e-05
4.278 -6.22714287601e-05
4.281 -7.65079603298e-05
4.284 -8.30992721603e-05
4.287 -8.1008161942e-05
4.29 -6.99773736414e-05
4.293 -5.06243304699e-05
4.296 -2.44056645897e-05
4.299 6.48709237794e-06
4.302 3.93563095713e-05
4.305 7.12617111276e-05
4.308 9.93044959614e-05
4.311 0.000120931566926
4.314 0.000134158617584
4.317 0.000137731214636
4.32 0.000131218272145
4.323 0.000114992166345
4.326 9.01647217688e-05
4.329 5.84310510021e-05
4.332 2.19227113121e-05
4.335 -1.69981612999e-05
4.338 -5.59030449949e-05
4.341 -9.2464069894e-05
4.344 -0.000124574929941
4.347 -0.000150487772771
4.35 -0.000168885715539
4.353 -0.000178938498721
4.356 -0.000180357033969
4.359 -0.000173384236405
4.362 -0.000158773065777
4.365 -0.000137714538141
4.368 -0.000111745022878
4.371 -8.25957249617e-05
4.374 -5.20402281836e-05
4.377 -2.17536944547e-05
4.38 6.86467183186e-06
4.383 3.27727393596e-05
4.386 5.53333047719e-05
4.389 7.43324562791e-05
4.392 8.98892612895e-05
4.395 0.000102360078017
4.398 0.000112187975901
4.401 0.000119759621157
4.404 0.000125277147163
4.407 0.000128682149807
4.41 0.000129628853756
4.413 0.000127535851789
4.416 0.000121693396068
4.419 0.00011143051961
4.422 9.62959384196e-05
4.425 7.62379277148e-05
4.428 5.17527914781e-05
4.431 2.39398668782e-05
4.434 -5.52113806407e-06
4.437 -3.4480359318e-05
4.44 -6.05741879554e-05
4.443 -8.1488979049e-05
4.446 -9.52713671722e-05
4.449 -0.000100635668787
4.452 -9.71608969849e-05
4.455 -8.5395447968e-05
4.458 -6.68141292408e-05
4.461 -4.3657477363e-05
4.464 -1.86394281627e-05
4.467 5.39115490028e-06
4.47 2.57867068285e-05
4.473 4.04327111028e-05
4.476 4.79417358292e-05
4.479 4.77602734463e-05
4.482 4.01608303946e-05
4.485 2.61312834482e-05
4.488 7.19786385162e-06
4.491 -1.47723221744e-05
4.494 -3.77692122129e-05
4.497 -5.97955149715e-05
4.5 -7.90127669461e-05
4.503 -9.38120501814e-05
4.506 -0.000102904603409
4.509 -0.000105368104414
4.512 -0.000100702185591
4.515 -8.88874274096e-05
4.518 -7.04260164639e-05
4.521 -4.63746255264e-05
4.524 -1.83146148629e-05
4.527 1.17177942229e-05
4.53 4.1347440856e-05
4.533 6.80895682308e-05
4.536 8.95623816177e-05
4.539 0.000103741520434
4.542 0.000109223670734
4.545 0.000105409606476
4.548 9.26364664338e-05
4.551 7.22019613022e-05
4.554 4.62814277853e-05
4.557 1.77515175892e-05
4.56 -1.01128398455e-05
4.563 -3.39604921464e-05
4.566 -5.07760742039e-05
4.569 -5.8237605117e-05
4.572 -5.50317017769e-05
4.575 -4.10875072703e-05
4.578 -1.76587309397e-05
4.581 1.27215416796e-05
4.584 4.64707045467e-05
4.587 7.93072176748e-05
4.59 0.000106694504211
4.593 0.000124405312818
4.596 0.00012900569709
4.599 0.000118346899399
4.602 9.18863515835e-05
4.605 5.08766861458e-05
4.608 -1.68034478065e-06
4.611 -6.12551593804e-05
4.614 -0.000122217898024
4.617 -0.000178375310497
4.62 -0.000223667942919
4.623 -0.000252777797868
4.626 -0.000261786190094
4.629 -0.000248600030318
4.632 -0.000213257822907
4.635 -0.000157962946105
4.638 -8.69367431733e-05
4.641 -5.98308179178e-06
4.644 7.80572299846e-05
4.647 0.000157997259521
4.65 0.000226977863349
4.653 0.000279187574051
4.656 0.000310336152324
4.659 0.000318078091368
4.662 0.000302129570628
4.665 0.000264233065536
4.668 0.000207896038773
4.671 0.000137987575727
4.674 6.02714280831e-05
4.677 -1.91769340745e-05
4.68 -9.44695639191e-05
4.683 -0.000160316005349
4.686 -0.000212471539271
4.689 -0.000247880670941
4.692 -0.000264883070486
4.695 -0.000263195717707
4.698 -0.000243858230533
4.701 -0.000209090096178
4.704 -0.000162090655067
4.707 -0.000106791674625
4.71 -4.76090244774e-05
4.713 1.09006350613e-05
4.716 6.42880404484e-05
4.719 0.000108582877147
4.722 0.000140563541208
4.725 0.000157998525538
4.728 0.000159889736096
4.731 0.000146564692841
4.734 0.000119704120152
4.737 8.22252550279e-05
4.74 3.80448327633e-05
4.743 -8.23845675768e-06
4.746 -5.1838971558e-05
4.749 -8.81974192453e-05
4.752 -0.000113515969133
4.755 -0.000125143182231
4.758 -0.000121877143101
4.761 -0.000104116530565
4.764 -7.38116941648e-05
4.767 -3.42753373843e-05
4.77 1.022467859e-05
4.773 5.49207652512e-05
4.776 9.50577014009e-05
4.779 0.000126447281218
4.782 0.000145884609083
4.785 0.000151448868564
4.788 0.000142684133607
4.791 0.000120579228678
4.794 8.74027900863e-05
4.797 4.64190088678e-05
4.8 1.51303447637e-06
4.803 -4.31953994848e-05
4.806 -8.37867337395e-05
4.809 -0.000116847011668
4.812 -0.00013978741481
4.815 -0.000151003638166
4.818 -0.000149953542859
4.821 -0.000137155715493
4.824 -0.000114072834549
4.827 -8.29511045595e-05
4.83 -4.65771045128e-05
4.833 -8.02296744951e-06
4.836 2.9598330002e-05
4.839 6.34403622826e-05
4.842 9.10927847144e-05
4.845 0.000110805114673
4.848 0.000121579905681
4.851 0.000123221252579
4.854 0.000116317642096
4.857 0.00010214568465
4.86 8.252185944e-05
4.863 5.96221943852e-05
4.866 3.57524659194e-05
4.869 1.31529159262e-05
4.872 -6.23094092589e-06
4.875 -2.09130503208e-05
4.878 -2.99857911159e-05
4.881 -3.3212651033e-05
4.884 -3.10269133479e-05
4.887 -2.44804032263e-05
4.89 -1.51220056068e-05
4.893 -4.82152427139e-06
4.896 4.43863700639e-06
4.899 1.08108133645e-05
4.902 1.27992334455e-05
4.905 9.46756335907e-06
4.908 5.7125555486e-07
4.911 -1.33770099637e-05
4.914 -3.11442345264e-05
4.917 -5.08986922796e-05
4.92 -7.03973200871e-05
4.923 -8.72646487551e-05
4.926 -9.92552522803e-05
4.929 -0.000104523103801
4.932 -0.000101856327092
4.935 -9.08205111045e-05
4.938 -7.18208975741e-05
4.941 -4.60643568658e-05
4.944 -1.54492117872e-05
4.947 1.76445828401e-05
4.95 5.05831267219e-05
4.953 8.07378746686e-05
4.956 0.000105717132101
4.959 0.000123597521451
4.962 0.000133055931656
4.965 0.000133485053084
4.968 0.000125006132293
4.971 0.000108446984086
4.974 8.52452285471e-05
4.977 5.73154648009e-05
4.98 2.68948278972e-05
4.983 -3.6639873997e-06
4.986 -3.20786275552e-05
4.989 -5.63068751944e-05
4.992 -7.4745650636e-05
4.995 -8.63220921019e-05
4.998 -9.06007844605e-05
5.001 -8.77918646438e-05
5.004 -7.87170865806e-05
5.007 -6.47090855637e-05
5.01 -4.74605913041e-05
5.013 -2.88538867608e-05
5.016 -1.07455261968e-05
5.019 5.20504590895e-06
5.022 1.76860467036e-05
5.025 2.58546224359e-05
5.028 2.93702978524e-05
5.031 2.83926565317e-05
5.034 2.35133538808e-05
5.037 1.56537153089e-05
5.04 5.94382663621e-06
5.043 -4.4128000809e-06
5.046 -1.42571007018e-05
5.049 -2.25670082727e-05
5.052 -2.85402729787e-05
5.055 -3.16252517223e-05
5.058 -3.15470097121e-05
5.061 -2.82967030216e-05
5.064 -2.21123464144e-05
5.067 -1.34420797622e-05
5.07 -2.8992933494e-06
5.073 8.78044102137e-06
5.076 2.08040255529e-05
5.079 3.23642307194e-05
5.082 4.26834085374e-05
5.085 5.10641039e-05
5.088 5.69085532334e-05
5.091 5.97487851337e-05
5.094 5.92574797338e-05
5.097 5.52610872546e-05
5.1 4.77549765492e-05
5.103 3.69153785869e-05
5.106 2.31281919696e-05
5.109 6.99465272191e-06
5.112 -1.0650492186e-05
5.115 -2.87405364361e-05
5.118 -4.60335759271e-05
5.121 -6.11692448729e-05
5.124 -7.27967853891e-05
5.127 -7.97111788415e-05
5.13 -8.10130586615e-05
5.133 -7.62572235544e-05
5.136 -6.55645053484e-05
5.139 -4.96665779792e-05
5.142 -2.98864179058e-05
5.145 -7.99697136245e-06
5.148 1.39444255183e-05
5.151 3.38707250194e-05
5.154 4.99549387314e-05
5.157 6.08430236753e-05
5.16 6.58330100123e-05
5.163 6.49378052913e-05
5.166 5.88497096032e-05
5.169 4.87950710522e-05
5.172 3.63132057828e-05
5.175 2.30072892009e-05
5.178 1.02852454802e-05
5.181 -8.17856289359e-07
5.184 -9.75336024567e-06
5.187 -1.64549255715e-05
5.19 -2.12481190829e-05
5.193 -2.46875242738e-05
5.196 -2.73695586657e-05
5.199 -2.97510741802e-05
5.202 -3.20265717164e-05
5.205 -3.40775150107e-05
5.208 -3.55052434315e-05
5.211 -3.57409480785e-05
5.214 -3.41963386745e-05
5.217 -3.04283566948e-05
5.22 -2.42756468651e-05
5.223 -1.59396240633e-05
5.226 -6.00005159868e-06
5.229 4.66008805233e-06
5.232 1.49748611875e-05
5.235 2.38550092035e-05
5.238 3.03666620312e-05
5.241 3.38646641467e-05
5.244 3.40900260198e-05
5.247 3.11929361487e-05
5.25 2.56922594417e-05
5.253 1.83806096175e-05
5.256 1.01840741991e-05
5.259 2.02261776394e-06
5.262 -5.3307348935e-06
5.265 -1.13423429866e-05
5.268 -1.57565264089e-05
5.271 -1.85888529813e-05
5.274 -2.00549657166e-05
5.277 -2.04722437047e-05
5.28 -2.01435941563e-05
5.283 -1.92556180991e-05
5.286 -1.7811973521e-05
5.289 -1.56167243404e-05
5.292 -1.23183153846e-05
5.295 -7.50148683437e-06
5.298 -8.14757072476e-07
5.301 7.88655415818e-06
5.304 1.84315085789e-05
5.307 3.02633980027e-05
5.31 4.24375102739e-05
5.313 5.37087398698e-05
5.316 6.26772161922e-05
5.319 6.79829026922e-05
5.322 6.85302657075e-05
5.325 6.36740223854e-05
5.328 5.33630227437e-05
5.331 3.81875070161e-05
5.334 1.93438827409e-05
5.337 -1.5148774537e-06
5.34 -2.24863288167e-05
5.343 -4.16753828176e-05
5.346 -5.74389450776e-05
5.349 -6.86112834956e-05
5.352 -7.46251826058e-05
5.355 -7.55675500841e-05
5.358 -7.21138276276e-05
5.361 -6.53918468743e-05
5.364 -5.67783899896e-05
5.367 -4.76753484691e-05
5.37 -3.93017035094e-05
5.373 -3.25205874105e-05
5.376 -2.77436774923e-05
5.379 -2.49113800237e-05
5.382 -2.35426559811e-05
5.385 -2.28552034969e-05
5.388 -2.19197427214e-05
5.391 -1.98281049961e-05
5.394 -1.58509956236e-05
5.397 -9.55818268267e-06
5.4 -8.90370927209e-07
5.403 9.82858455245e-06
5.406 2.19295579882e-05
5.409 3.44977925124e-05
5.412 4.64830809506e-05
5.415 5.68492796447e-05
5.418 6.46986227366e-05
5.421 6.93706606398e-05
5.424 7.05167985871e-05
5.427 6.81119054207e-05
5.43 6.24270760454e-05
5.433 5.39598040632e-05
5.436 4.33411842096e-05
5.439 3.12437769026e-05
5.442 1.82893272722e-05
5.445 5.00870237374e-06
5.448 -8.18505122879e-06
5.451 -2.09682257264e-05
5.454 -3.30417788064e-05
5.457 -4.40770963905e-05
5.46 -5.36466213816e-05
5.463 -6.11881769146e-05
5.466 -6.60207297187e-05
5.469 -6.73994873068e-05
5.472 -6.46219123155e-05
5.475 -5.7165078033e-05
5.478 -4.48247919849e-05
5.481 -2.78470051853e-05
5.484 -6.98658959664e-06
5.487 1.64713746926e-05
5.49 4.08040104958e-05
5.493 6.3995772507e-05
5.496 8.39566491777e-05
5.499 9.87609964795e-05
5.502 0.000106905856228
5.505 0.000107501182356
5.508 0.000100411307358
5.511 8.62799934112e-05
5.514 6.6477477958e-05
5.517 4.29244792031e-05
5.52 1.78649715963e-05
5.523 -6.39568861516e-06
5.526 -2.77784420177e-05
5.529 -4.46535887022e-05
5.532 -5.59976651857e-05
5.535 -6.14892123849e-05
5.538 -6.14776654402e-05
5.541 -5.68988907617e-05
5.544 -4.91114005854e-05
5.547 -3.97081166739e-05
5.55 -3.0309349313e-05
5.553 -2.23796396313e-05
5.556 -1.70758466993e-05
5.559 -1.5143085875e-05
5.562 -1.68560600287e-05
5.565 -2.20127567445e-05
5.568 -2.99703406199e-05
5.571 -3.97210242227e-05
5.574 -4.99867128383e-05
5.577 -5.93572622165e-05
5.58 -6.64284307277e-05
5.583 -6.99498705217e-05
5.586 -6.89734515618e-05
5.589 -6.2970968429e-05
5.592 -5.19226050528e-05
5.595 -3.63450089935e-05
5.598 -1.72774052771e-05
5.601 3.82301186619e-06
5.604 2.52266963798e-05
5.607 4.51033592981e-05
5.61 6.17558980593e-05
5.613 7.38066300983e-05
5.616 8.03615766927e-05
5.619 8.11252539279e-05
5.622 7.64266442275e-05
5.625 6.71799643897e-05
5.628 5.47569761693e-05
5.631 4.08253254136e-05
5.634 2.71248536592e-05
5.637 1.52587927005e-05
5.64 6.50341507935e-06
5.643 1.65230903804e-06
5.646 9.3991036465e-07
5.649 4.03231024393e-06
5.652 1.00918205135e-05
5.655 1.79116723302e-05
5.658 2.60871383944e-05
5.661 3.32210911438e-05
5.664 3.81118152291e-05
5.667 3.99065575039e-05
5.67 3.82091857318e-05
5.673 3.31094488502e-05
5.676 2.5149085559e-05
5.679 1.52187894855e-05
5.682 4.41374731963e-06
5.685 -6.12446638115e-06
5.688 -1.53812816279e-05
5.691 -2.25832827709e-05
5.694 -2.72930392384e-05
5.697 -2.9428058042e-05
5.7 -2.92314252874e-05
5.703 -2.71964090643e-05
5.706 -2.39582168433e-05
5.709 -2.01800830837e-05
5.712 -1.64431403391e-05
5.715 -1.31695896926e-05
5.718 -1.05816270661e-05
5.721 -8.69841915119e-06
5.724 -7.37731625122e-06
5.727 -6.37838820694e-06
5.73 -5.44594877283e-06
5.733 -4.38630877397e-06
5.736 -3.12873658004e-06
5.739 -1.7561221739e-06
5.742 -5.00898295286e-07
5.745 2.94695638559e-07
5.748 2.49364120464e-07
5.751 -9.71970166574e-07
5.754 -3.57056478606e-06
5.757 -7.54483562559e-06
5.76 -1.26477389131e-05
5.763 -1.83931861102e-05
5.766 -2.41006982833e-05
5.769 -2.89786203211e-05
5.772 -3.22397609125e-05
5.775 -3.32181880367e-05
5.778 -3.14770586556e-05
5.781 -2.68846652034e-05
5.784 -1.96481541934e-05
5.787 -1.02890116978e-05
5.79 4.24276862532e-07
5.793 1.15768525575e-05
5.796 2.22380058403e-05
5.799 3.15777215292e-05
5.802 3.89575761801e-05
5.805 4.39972718596e-05
5.808 4.6576045861e-05
5.811 4.67994759674e-05
5.814 4.49344042863e-05
5.817 4.13226516685e-05
5.82 3.63062208635e-05
5.823 3.01680029224e-05
5.826 2.31116900977e-05
5.829 1.52808352141e-05
5.832 6.80152743371e-06
5.835 -2.15161503547e-06
5.838 -1.12878406071e-05
5.841 -2.01714337891e-05
5.844 -2.8202743124e-05
5.847 -3.46679953509e-05
5.85 -3.88122534787e-05
5.853 -3.99476957682e-05
5.856 -3.75761992473e-05
5.859 -3.14951212204e-05
5.862 -2.1881351131e-05
5.865 -9.31448175834e-06
5.868 5.2435239013e-06
5.871 2.05201667995e-05
5.874 3.50728805643e-05
5.877 4.74286207464e-05
5.88 5.62608729524e-05
5.883 6.05370551057e-05
5.886 5.96428108111e-05
5.889 5.34603896085e-05
5.892 4.23906458309e-05
5.895 2.73146779364e-05
5.898 9.51625042944e-06
5.901 -9.4708875622e-06
5.904 -2.79949963442e-05
5.907 -4.44780853286e-05
5.91 -5.75668564124e-05
5.913 -6.62554448354e-05
5.916 -6.9993751822e-05
5.919 -6.87199353706e-05
5.922 -6.28538764431e-05
5.925 -5.32362028025e-05
5.928 -4.10242610087e-05
5.931 -2.75689180853e-05
5.934 -1.42524422699e-05
5.937 -2.36477671933e-06
5.94 7.03996465745e-06
5.943 1.3229070646e-05
5.946 1.58450529852e-05
5.949 1.49175866682e-05
5.952 1.08222066046e-05
5.955 4.20900323661e-06
5.958 -4.10632037529e-06
5.961 -1.32555660457e-05
5.964 -2.24253126362e-05
5.967 -3.09569586534e-05
5.97 -3.83932965633e-05
5.973 -4.44989018433e-05
5.976 -4.92252474942e-05
5.979 -5.2644056268e-05
5.982 -5.48535826965e-05
5.985 -5.58845749765e-05
5.988 -5.56186532776e-05
5.991 -5.3744748584e-05
5.994 -4.9762060371e-05
5.997 -4.30408435932e-05
