t y
0.0 -1.67533606e-23
0.003 5.51207522e-24
0.006 -1.29970205e-25
0.009 3.16359684e-23
0.012 4.46328367e-23
0.015 -1.7235897e-22
0.018 9.2388261e-23
0.021 1.7904413e-22
0.024 -3.63600955e-22
0.027 2.302868e-22
0.03 -6.21850294e-22
0.033 1.01374218e-21
0.036 -1.15663727e-21
0.039 2.2479809e-22
0.042 -3.23847638e-22
0.045 1.28503227e-21
0.048 -4.42693283e-23
0.051 -1.35558194e-21
0.054 2.93806021e-21
0.057 -1.11362588e-20
0.06 9.30714918e-21
0.063 -2.88267462e-21
0.066 -8.71527683e-21
0.069 1.00667906e-20
0.072 -1.36732639e-20
0.075 -7.51687101e-21
0.078 7.82755507e-21
0.081 2.15694387e-20
0.084 -9.59422419e-21
0.087 -7.06669593e-21
0.09 1.73491175e-20
0.093 -1.00595575e-20
0.096 1.89449852e-20
0.099 -1.04750619e-19
0.102 1.73814116e-19
0.105 -4.9746014e-20
0.108 4.13680036e-20
0.111 2.4881269e-19
0.114 1.01730341e-19
0.117 3.14484179e-19
0.12 -2.47647391e-20
0.123 3.29024562e-19
0.126 -7.34584266e-20
0.129 2.184656e-19
0.132 3.95733998e-19
0.135 -2.05148711e-19
0.138 2.54795156e-19
0.141 -3.167276e-19
0.144 -3.15219876e-19
0.147 -7.58833747e-20
0.15 2.62227305e-19
0.153 3.1194177e-19
0.156 -1.64579874e-20
0.159 -9.52413877e-20
0.162 -5.28847997e-19
0.165 -1.11941041e-19
0.168 -6.71027743e-19
0.171 2.66473581e-19
0.174 -1.4443727e-18
0.177 -1.86532497e-18
0.18 -1.20421207e-21
0.183 -2.52016133e-18
0.186 -3.55280866e-18
0.189 -3.54300401e-18
0.192 -2.69863645e-18
0.195 -1.29114785e-18
0.198 -2.52664497e-18
0.201 -1.17020471e-18
0.204 -3.91399686e-18
0.207 -7.09578332e-19
0.21 -1.09611023e-18
0.213 3.58395757e-19
0.216 2.12970906e-18
0.219 -1.67042853e-18
0.222 9.99394128e-19
0.225 3.58999938e-18
0.228 4.960665e-18
0.231 4.51860911e-21
0.234 1.84269449e-18
0.237 -3.65501757e-19
0.24 9.64421912e-18
0.243 -5.97423288e-18
0.246 8.97771138e-18
0.249 -1.31083809e-17
0.252 4.22267393e-18
0.255 -5.46975903e-18
0.258 5.09707752e-18
0.261 2.95674863e-19
0.264 3.84188036e-18
0.267 6.16077181e-18
0.27 3.15383589e-19
0.273 1.00021913e-17
0.276 -3.59660172e-18
0.279 1.18955378e-18
0.282 2.67475285e-18
0.285 -4.4449435e-18
0.288 7.10067812e-18
0.291 4.33816854e-18
0.294 -5.8993169e-18
0.297 -1.54265836e-18
0.3 1.67491782e-18
0.303 -7.63243036e-18
0.306 6.52433128e-18
0.309 -1.19139589e-18
0.312 -2.37086365e-17
0.315 -3.20106286e-17
0.318 -1.94429519e-17
0.321 -2.32626477e-17
0.324 3.59603327e-18
0.327 -7.77100744e-18
0.33 -2.46071771e-17
0.333 -3.07583807e-17
0.336 4.91478507e-17
0.339 -3.2096248e-17
0.342 2.86797485e-17
0.345 -1.92970421e-17
0.348 1.48895771e-17
0.351 4.29151877e-17
0.354 1.08559652e-17
0.357 2.70104145e-17
0.36 3.49039433e-17
0.363 4.93886307e-17
0.366 3.95831577e-17
0.369 1.18143454e-17
0.372 1.26658122e-16
0.375 -1.62232592e-17
0.378 1.29630997e-17
0.381 7.6244029e-17
0.384 -6.89396337e-17
0.387 3.25697147e-17
0.39 1.61365214e-16
0.393 -1.29038164e-16
0.396 7.73695805e-17
0.399 4.03184104e-17
0.402 -1.52603232e-17
0.405 5.49964532e-17
0.408 7.47498321e-17
0.411 -1.45373588e-16
0.414 1.53739324e-16
0.417 1.62353487e-16
0.42 -2.33066618e-16
0.423 2.09919148e-16
0.426 2.22176123e-16
0.429 1.81478023e-16
0.432 5.44648966e-16
0.435 1.44554257e-15
0.438 2.67594419e-15
0.441 5.08706313e-15
0.444 1.12500625e-14
0.447 2.25119833e-14
0.45 4.38253886e-14
0.453 8.51354113e-14
0.456 1.62567961e-13
0.459 2.95337513e-13
0.462 5.11656223e-13
0.465 8.22548032e-13
0.468 1.16564605e-12
0.471 1.22337178e-12
0.474 -3.24933548e-14
0.477 -5.38933753e-12
0.48 -2.18767045e-11
0.483 -6.7332551e-11
0.486 -1.79510489e-10
0.489 -4.44953176e-10
0.492 -1.04953446e-09
0.495 -2.38502159e-09
0.498 -5.32352165e-09
0.501 -1.14374629e-08
0.504 -2.40187661e-08
0.507 -4.93884094e-08
0.51 -9.95466131e-08
0.513 -1.98882227e-07
0.516 -3.85691071e-07
0.519 -7.34029998e-07
0.522 -1.37098104e-06
0.525 -2.51287507e-06
0.528 -4.5604441e-06
0.531 -8.04489028e-06
0.534 -1.39217509e-05
0.537 -2.36298682e-05
0.54 -3.93325271e-05
0.543 -6.46765716e-05
0.546 -0.000103447659
0.549 -0.000162172648
0.552 -0.000249129014
0.555 -0.000374935527
0.558 -0.000555926282
0.561 -0.000802058633
0.564 -0.00113258205
0.567 -0.00156467865
0.57 -0.00211376513
0.573 -0.0028022777
0.576 -0.00361164555
0.579 -0.00454171401
0.582 -0.00556649286
0.585 -0.00664037389
0.588 -0.00771218543
0.591 -0.00865962102
0.594 -0.0093940368
0.597 -0.00980024453
0.6 -0.00976446815
0.603 -0.00917477038
0.606 -0.00798178719
0.609 -0.00616131983
0.612 -0.00375283175
0.615 -0.00086150758
0.618 0.00239423938
0.621 0.00568662195
0.624 0.00880376092
0.627 0.0114773531
0.63 0.0134620357
0.633 0.0145764141
0.636 0.0146760075
0.639 0.0137770384
0.642 0.0119769996
0.645 0.00947109079
0.648 0.00648317213
0.651 0.00342543344
0.654 0.000576362777
0.657 -0.00177577835
0.66 -0.00341060883
0.663 -0.00420563388
0.666 -0.00411333976
0.669 -0.00323269243
0.672 -0.00172991398
0.675 0.00016820962
0.678 0.00223759042
0.681 0.0041597946
0.684 0.00574880167
0.687 0.0068434114
0.69 0.00735484151
0.693 0.0072481728
0.696 0.00658375812
0.699 0.00546207384
0.702 0.00401842717
0.705 0.00237772545
0.708 0.000740033541
0.711 -0.000789596454
0.714 -0.00211048753
0.717 -0.00315607188
0.72 -0.00390359085
0.723 -0.00432986569
0.726 -0.0044741206
0.729 -0.00437928011
0.732 -0.00409807794
0.735 -0.00367878631
0.738 -0.00318748983
0.741 -0.00266424696
0.744 -0.00214584238
0.747 -0.00165978779
0.75 -0.00121879194
0.753 -0.000848582633
0.756 -0.000548716242
0.759 -0.000322439514
0.762 -0.000170667424
0.765 -9.19742853e-05
0.768 -8.63312374e-05
0.771 -0.000147527838
0.774 -0.000268551048
0.777 -0.000439249466
0.78 -0.000649490775
0.783 -0.000875778532
0.786 -0.00110182475
0.789 -0.00130721733
0.792 -0.00147216711
0.795 -0.00158063152
0.798 -0.0016165034
0.801 -0.00157554149
0.804 -0.00145851442
0.807 -0.00127358276
0.81 -0.00103161226
0.813 -0.000760490402
0.816 -0.000480096239
0.819 -0.000214053843
0.822 1.63654078e-05
0.825 0.000197050347
0.828 0.000312716167
0.831 0.000364890129
0.834 0.000359791828
0.837 0.000310610195
0.84 0.000234406112
0.843 0.000154792865
0.846 9.15937858e-05
0.849 6.27928319e-05
0.852 8.1240121e-05
0.855 0.000154661408
0.858 0.000279595805
0.861 0.000448541584
0.864 0.000647541806
0.867 0.000858767372
0.87 0.00106579897
0.873 0.00124328563
0.876 0.00137858491
0.879 0.00146011992
0.882 0.00148145565
0.885 0.00144123424
0.888 0.0013447849
0.891 0.00120093955
0.894 0.00102166812
0.897 0.000817549805
0.9 0.000609447761
0.903 0.000408207852
0.906 0.000226250267
0.909 7.38826171e-05
0.912 -4.26579692e-05
0.915 -0.0001149714
0.918 -0.000143586275
0.921 -0.000130203864
0.924 -7.98026194e-05
0.927 9.24507787e-07
0.93 9.84479316e-05
0.933 0.000200716706
0.936 0.000293337837
0.939 0.00036173636
0.942 0.000392575956
0.945 0.000373833214
0.948 0.000299219659
0.951 0.000166526859
0.954 -2.08970485e-05
0.957 -0.000257916065
0.96 -0.000522627901
0.963 -0.000799572717
0.966 -0.00106711709
0.969 -0.00130258713
0.972 -0.00148653951
0.975 -0.00159419067
0.978 -0.00161452859
0.981 -0.00153902745
0.984 -0.00136571016
0.987 -0.00109451655
0.99 -0.000745235438
0.993 -0.000331438888
0.996 0.000125257386
0.999 0.000600034467
1.002 0.00107348159
1.005 0.00150414693
1.008 0.00187450248
1.011 0.00216273553
1.014 0.00235158384
1.017 0.00242982795
1.02 0.00239014106
1.023 0.00223688515
1.026 0.00197935733
1.029 0.00163329819
1.032 0.00121290735
1.035 0.000756276805
1.038 0.00028406092
1.041 -0.000177351597
1.044 -0.000603852277
1.047 -0.000980641778
1.05 -0.0012812321
1.053 -0.00150332034
1.056 -0.00164453149
1.059 -0.00170822509
1.062 -0.00170195573
1.065 -0.00163769444
1.068 -0.00152948074
1.071 -0.0013914343
1.074 -0.00123437606
1.077 -0.00107471448
1.08 -0.000918972638
1.083 -0.00077309537
1.086 -0.000640135927
1.089 -0.000518784104
1.092 -0.00041112129
1.095 -0.000312129555
1.098 -0.000218094581
1.101 -0.000125376831
1.104 -2.96001623e-05
1.107 6.7842079e-05
1.11 0.000168172457
1.113 0.000269192182
1.116 0.000366757791
1.119 0.000456322981
1.122 0.000528064547
1.125 0.000576057341
1.128 0.000593387849
1.131 0.000574576484
1.134 0.000515266327
1.137 0.000417279129
1.14 0.000283634911
1.143 0.000121686974
1.146 -5.77485589e-05
1.149 -0.000243886627
1.152 -0.000415457978
1.155 -0.000559603753
1.158 -0.00066171043
1.161 -0.00070979451
1.164 -0.000695138753
1.167 -0.000615286996
1.17 -0.000473407186
1.173 -0.00027822394
1.176 -4.38221878e-05
1.179 0.000215439011
1.182 0.00047012699
1.185 0.000702120234
1.188 0.000890736366
1.191 0.0010187073
1.194 0.00107425626
1.197 0.0010502135
1.2 0.00094994161
1.203 0.000782491517
1.206 0.000563146273
1.209 0.000307764103
1.212 4.69601983e-05
1.215 -0.000200378249
1.218 -0.000413793347
1.221 -0.00057698681
1.224 -0.00068034785
1.227 -0.000716352428
1.23 -0.000689211161
1.233 -0.000606724918
1.236 -0.00048113861
1.239 -0.000325017406
1.242 -0.00015960204
1.245 1.67399497e-06
1.248 0.00014515773
1.251 0.000260289442
1.254 0.000341224204
1.257 0.000382673414
1.26 0.00038726675
1.263 0.000359404013
1.266 0.00030499793
1.269 0.000234280685
1.272 0.000155530519
1.275 7.71674214e-05
1.278 6.24651275e-06
1.281 -5.29479928e-05
1.284 -9.5786544e-05
1.287 -0.000122815892
1.29 -0.000135540535
1.293 -0.000136910542
1.296 -0.000130527041
1.299 -0.0001204933
1.302 -0.000110160425
1.305 -0.000102088117
1.308 -9.78275983e-05
1.311 -9.79938863e-05
1.314 -0.000102361053
1.317 -0.000110126874
1.32 -0.000120185411
1.323 -0.000131206796
1.326 -0.000141770796
1.329 -0.000149596512
1.332 -0.000152402342
1.335 -0.000147111998
1.338 -0.000130073198
1.341 -9.66640882e-05
1.344 -4.40888823e-05
1.347 3.09222438e-05
1.35 0.000129606235
1.353 0.000250839784
1.356 0.000392947442
1.359 0.000544477249
1.362 0.000697777267
1.365 0.000841170651
1.368 0.000962099435
1.371 0.00104944917
1.374 0.00109006414
1.377 0.00107826588
1.38 0.0010106022
1.383 0.000887940524
1.386 0.000712393046
1.389 0.000498476352
1.392 0.000255834808
1.395 -1.70100403e-06
1.398 -0.000259639344
1.401 -0.000507627423
1.404 -0.000725406244
1.407 -0.000906794295
1.41 -0.00104449127
1.413 -0.00113429446
1.416 -0.00117536584
1.419 -0.00116830229
1.422 -0.00111850671
1.425 -0.00103239889
1.428 -0.000917843556
1.431 -0.000781314522
1.434 -0.000635999055
1.437 -0.000488399855
1.44 -0.000346106464
1.443 -0.000215474979
1.446 -9.98121001e-05
1.449 -6.21464592e-06
1.452 6.50450995e-05
1.455 0.000112811419
1.458 0.000136674929
1.461 0.000136537049
1.464 0.000112860993
1.467 6.66782781e-05
1.47 -5.70833475e-07
1.473 -8.80048862e-05
1.476 -0.000189245888
1.479 -0.000300301842
1.482 -0.000414365889
1.485 -0.000523266292
1.488 -0.00061936995
1.491 -0.000690757897
1.494 -0.000731385423
1.497 -0.000735851283
1.5 -0.000701879187
1.503 -0.000629408209
1.506 -0.000525626472
1.509 -0.000397536896
1.512 -0.000254772191
1.515 -0.000107323585
1.518 3.81362857e-05
1.521 0.000170690776
1.524 0.00028962087
1.527 0.000395472693
1.53 0.00049190485
1.533 0.000586093613
1.536 0.000681535332
1.539 0.000784944216
1.542 0.00089902544
1.545 0.00102285682
1.548 0.0011534203
1.551 0.00127766339
1.554 0.00138567938
1.557 0.00146406825
1.56 0.00149969015
1.563 0.00148072252
1.566 0.00140029972
1.569 0.00125611408
1.572 0.0010511377
1.575 0.000793706041
1.578 0.000491964587
1.581 0.000171928784
1.584 -0.000152314412
1.587 -0.000462065964
1.59 -0.000740022877
1.593 -0.000974877115
1.596 -0.00114865597
1.599 -0.00125926686
1.602 -0.00130522273
1.605 -0.0012893543
1.608 -0.00121664367
1.611 -0.00109868789
1.614 -0.000945699216
1.617 -0.000769192726
1.62 -0.000580313668
1.623 -0.00038610225
1.626 -0.000200951086
1.629 -2.82067879e-05
1.632 0.000127774762
1.635 0.000264461495
1.638 0.00038251141
1.641 0.000478479444
1.644 0.000555341925
1.647 0.000614575933
1.65 0.000657855207
1.653 0.000687170506
1.656 0.000703065311
1.659 0.00070715203
1.662 0.000699982472
1.665 0.000681123384
1.668 0.000650433067
1.671 0.00060636693
1.674 0.000547097915
1.677 0.000470592452
1.68 0.000373367982
1.683 0.000257292704
1.686 0.000121190251
1.689 -3.30143041e-05
1.692 -0.000201304568
1.695 -0.000380266896
1.698 -0.000556151121
1.701 -0.000722155355
1.704 -0.000868256608
1.707 -0.000984950571
1.71 -0.00106521993
1.713 -0.00110111461
1.716 -0.00109192055
1.719 -0.0010387275
1.722 -0.000945751974
1.725 -0.000817524593
1.728 -0.000666414411
1.731 -0.0004995439
1.734 -0.000325321646
1.737 -0.000150947907
1.74 2.05833764e-05
1.743 0.000180067128
1.746 0.000327714771
1.749 0.000461895933
1.752 0.000581217254
1.755 0.000685441738
1.758 0.000768982938
1.761 0.000830537276
1.764 0.000866646005
1.767 0.000873966582
1.77 0.000849333089
1.773 0.000792491181
1.776 0.000704437832
1.779 0.000588736302
1.782 0.000451371034
1.785 0.000297944125
1.788 0.000142642716
1.791 -7.11816211e-06
1.794 -0.000142377147
1.797 -0.000255928215
1.8 -0.000344287472
1.803 -0.000403199585
1.806 -0.000435929029
1.809 -0.000447022876
1.812 -0.000443176215
1.815 -0.000432052572
1.818 -0.000421941782
1.821 -0.000419384109
1.824 -0.000428893694
1.827 -0.000452100692
1.83 -0.000488025572
1.833 -0.000530697264
1.836 -0.000573058844
1.839 -0.000605717841
1.842 -0.000618506967
1.845 -0.000601184771
1.848 -0.000546231867
1.851 -0.00044859883
1.854 -0.000307043685
1.857 -0.00012153698
1.86 9.44894246e-05
1.863 0.000331787048
1.866 0.000575217896
1.869 0.000807507108
1.872 0.00101360021
1.875 0.00117007693
1.878 0.00126624026
1.881 0.00129209978
1.884 0.00124289382
1.887 0.00111717808
1.89 0.000925783486
1.893 0.000679438532
1.896 0.000394288758
1.899 8.90215915e-05
1.902 -0.000221517686
1.905 -0.000508865186
1.908 -0.000761529383
1.911 -0.000966619942
1.914 -0.00111528934
1.917 -0.00120373513
1.92 -0.00122844366
1.923 -0.00119374943
1.926 -0.00110461035
1.929 -0.000967678022
1.932 -0.000787608708
1.935 -0.000578350127
1.938 -0.000346093067
1.941 -9.98194109e-05
1.944 0.000151144251
1.947 0.000400859595
1.95 0.000631548509
1.953 0.000837134242
1.956 0.0010080435
1.959 0.00113568044
1.962 0.0012138388
1.965 0.00123529363
1.968 0.00119961243
1.971 0.00110772991
1.974 0.000963606361
1.977 0.000770757636
1.98 0.000544469113
1.983 0.000293191225
1.986 2.91536378e-05
1.989 -0.000235010558
1.992 -0.00049078595
1.995 -0.000718908596
1.998 -0.000913861141
2.001 -0.00106821504
2.004 -0.00117703463
2.007 -0.00123861322
2.01 -0.00125142437
2.013 -0.00121955882
2.016 -0.00114774655
2.019 -0.00104211684
2.022 -0.000907308558
2.025 -0.000754558638
2.028 -0.00058852521
2.031 -0.000414884168
2.034 -0.00023823529
2.037 -5.93660883e-05
2.04 0.000113569882
2.043 0.000281316078
2.046 0.000442086731
2.049 0.000596301631
2.052 0.000737001908
2.055 0.000864052669
2.058 0.000974540182
2.061 0.00106539786
2.064 0.00113452451
2.067 0.00117713589
2.07 0.00119241943
2.073 0.00117900754
2.076 0.00113627834
2.079 0.0010629979
2.082 0.000962269506
2.085 0.000834745622
2.088 0.000682737739
2.091 0.000509422734
2.094 0.000315900397
2.097 0.000113523949
2.1 -9.40416332e-05
2.103 -0.000299191976
2.106 -0.000493532052
2.109 -0.000670906574
2.112 -0.000817453739
2.115 -0.000928967377
2.118 -0.00100030505
2.121 -0.00102896377
2.124 -0.00101499191
2.127 -0.000962667399
2.13 -0.000878860673
2.133 -0.000772649797
2.136 -0.000654497726
2.139 -0.000533300164
2.142 -0.000422677928
2.145 -0.000328449016
2.148 -0.000255408356
2.151 -0.000204951362
2.154 -0.000174683438
2.157 -0.000160306358
2.16 -0.000153744221
2.163 -0.000146352453
2.166 -0.000129549691
2.169 -9.53722633e-05
2.172 -3.99248404e-05
2.175 3.88984109e-05
2.178 0.000139354219
2.181 0.000256349096
2.184 0.000383976604
2.187 0.000508404281
2.19 0.000621044713
2.193 0.000711894963
2.196 0.000772594851
2.199 0.000797420525
2.202 0.000782924546
2.205 0.000730478623
2.208 0.000643896958
2.211 0.000529572981
2.214 0.000393504052
2.217 0.000249099341
2.22 0.000103498493
2.223 -3.49850115e-05
2.226 -0.000159429013
2.229 -0.000266151485
2.232 -0.000348605518
2.235 -0.000407259667
2.238 -0.000442457558
2.241 -0.000455989814
2.244 -0.000450293356
2.247 -0.000429302952
2.25 -0.000397009851
2.253 -0.000357543876
2.256 -0.000314232167
2.259 -0.000272065379
2.262 -0.000233381266
2.265 -0.000200356656
2.268 -0.000174216977
2.271 -0.000154934724
2.274 -0.000142337123
2.277 -0.000134498355
2.28 -0.000129284453
2.283 -0.00012432276
2.286 -0.00011721234
2.289 -0.000106314132
2.292 -9.038372e-05
2.295 -6.90675951e-05
2.298 -4.28155405e-05
2.301 -1.22672687e-05
2.304 2.00164404e-05
2.307 5.26803465e-05
2.31 8.39955339e-05
2.313 0.000112526235
2.316 0.000137629983
2.319 0.000158031492
2.322 0.000174118247
2.325 0.000186217799
2.328 0.000194866129
2.331 0.000200711552
2.334 0.000204041093
2.337 0.000205178479
2.34 0.000204003301
2.343 0.000200027086
2.346 0.000192262817
2.349 0.000179839222
2.352 0.000161458092
2.355 0.000135999959
2.358 0.000102678644
2.361 6.05895557e-05
2.364 1.16701983e-05
2.367 -4.30341898e-05
2.37 -0.000100854156
2.373 -0.000158178008
2.376 -0.000211468127
2.379 -0.000254451802
2.382 -0.000283668684
2.385 -0.000295588675
2.388 -0.000287995381
2.391 -0.000259790645
2.394 -0.000213263964
2.397 -0.000151415566
2.4 -7.91014663e-05
2.403 -2.26138083e-06
2.406 7.38438669e-05
2.409 0.000140668838
2.412 0.000194225079
2.415 0.000230792522
2.418 0.000248476642
2.421 0.000247180404
2.424 0.000228904098
2.427 0.000197276216
2.43 0.000156901343
2.433 0.000112938695
2.436 6.99061808e-05
2.439 3.37709647e-05
2.442 7.41462018e-06
2.445 -6.92732548e-06
2.448 -8.45784541e-06
2.451 2.03695472e-06
2.454 2.22008583e-05
2.457 4.86771534e-05
2.46 7.7378614e-05
2.463 0.000104338467
2.466 0.000124591484
2.469 0.000135257508
2.472 0.000134184261
2.475 0.000120671174
2.478 9.5098312e-05
2.481 6.05999556e-05
2.484 2.03436841e-05
2.487 -2.1518157e-05
2.49 -6.0728533e-05
2.493 -9.39639457e-05
2.496 -0.000117418969
2.499 -0.000130311531
2.502 -0.000132827146
2.505 -0.000126602499
2.508 -0.000114193281
2.511 -9.94566127e-05
2.514 -8.573779e-05
2.517 -7.6020942e-05
2.52 -7.2292457e-05
2.523 -7.53231446e-05
2.526 -8.42619102e-05
2.529 -9.70626253e-05
2.532 -0.000110733652
2.535 -0.000121811369
2.538 -0.000126930134
2.541 -0.000123150491
2.544 -0.000108962398
2.547 -8.41255992e-05
2.55 -4.99152467e-05
2.553 -8.34621454e-06
2.556 3.54536524e-05
2.559 7.76524644e-05
2.562 0.000113785264
2.565 0.000139964875
2.568 0.00015354397
2.571 0.000152920043
2.574 0.000139044094
2.577 0.000114329039
2.58 8.26946168e-05
2.583 4.85620251e-05
2.586 1.83404515e-05
2.589 -3.59306418e-06
2.592 -1.34403624e-05
2.595 -9.09310442e-06
2.598 9.88761951e-06
2.601 4.07521672e-05
2.604 7.95651511e-05
2.607 0.000120722472
2.61 0.000157836226
2.613 0.00018487247
2.616 0.000195505709
2.619 0.000186510324
2.622 0.000156377825
2.625 0.00010610385
2.628 3.79863923e-05
2.631 -4.02610232e-05
2.634 -0.000122581532
2.637 -0.000201392962
2.64 -0.000270360049
2.643 -0.000321164169
2.646 -0.00035069317
2.649 -0.000356912521
2.652 -0.000340137445
2.655 -0.000302116566
2.658 -0.000248274287
2.661 -0.000183483407
2.664 -0.000113468499
2.667 -4.37311552e-05
2.67 2.19219223e-05
2.673 7.77721525e-05
2.676 0.000122499829
2.679 0.00015497623
2.682 0.000175185246
2.685 0.000184060912
2.688 0.000182882238
2.691 0.000173817546
2.694 0.000159018429
2.697 0.000140674392
2.7 0.00012056502
2.703 0.000101203482
2.706 8.38259053e-05
2.709 6.95410668e-05
2.712 5.89372629e-05
2.715 5.19363639e-05
2.718 4.81355642e-05
2.721 4.62080073e-05
2.724 4.44828862e-05
2.727 4.09705785e-05
2.73 3.34216248e-05
2.733 2.01044201e-05
2.736 -5.74181519e-07
2.739 -2.94477517e-05
2.742 -6.64565066e-05
2.745 -0.000111235546
2.748 -0.000160179174
2.751 -0.000210685106
2.754 -0.000258659452
2.757 -0.00029945436
2.76 -0.000328602814
2.763 -0.000340687318
2.766 -0.000332652811
2.769 -0.000302223869
2.772 -0.000248857659
2.775 -0.000172670773
2.778 -7.95488948e-05
2.781 2.61393717e-05
2.784 0.00013754076
2.787 0.000246914434
2.79 0.000347784792
2.793 0.000429650119
2.796 0.00048819709
2.799 0.000519378577
2.802 0.000521434798
2.805 0.000494377623
2.808 0.000441968867
2.811 0.0003687444
2.814 0.000280677295
2.817 0.000184296676
2.82 8.44868515e-05
2.823 -9.92749985e-06
2.826 -9.59609467e-05
2.829 -0.000170464599
2.832 -0.000232526356
2.835 -0.000279706116
2.838 -0.000313484317
2.841 -0.000334866535
2.844 -0.000345108823
2.847 -0.000345380484
2.85 -0.000336733422
2.853 -0.000320044957
2.856 -0.00029590948
2.859 -0.000264825238
2.862 -0.000226697509
2.865 -0.000183416023
2.868 -0.000135407139
2.871 -8.39225657e-05
2.874 -3.04758705e-05
2.877 2.40617616e-05
2.88 7.61992059e-05
2.883 0.000125016396
2.886 0.00016888608
2.889 0.000206402685
2.892 0.000236849007
2.895 0.000258475148
2.898 0.00027133785
2.901 0.000275282186
2.904 0.000270447606
2.907 0.000256966725
2.91 0.000235895093
2.913 0.000207917904
2.916 0.000174028007
2.919 0.000135356656
2.922 9.24701143e-05
2.925 4.8045144e-05
2.928 2.85068647e-06
2.931 -4.16807744e-05
2.934 -8.41363186e-05
2.937 -0.000123756681
2.94 -0.000158113561
2.943 -0.00018685648
2.946 -0.000209245609
2.949 -0.00022481732
2.952 -0.00023346027
2.955 -0.000234964706
2.958 -0.000229765151
2.961 -0.000218234037
2.964 -0.000200810731
2.967 -0.000177564698
2.97 -0.000149702854
2.973 -0.000117436099
2.976 -8.1384149e-05
2.979 -4.23219635e-05
2.982 -5.84641909e-07
2.985 4.12955557e-05
2.988 8.24802172e-05
2.991 0.000121323556
2.994 0.000156099184
2.997 0.000185524996
3.0 0.00020717413
3.003 0.000220347365
3.006 0.00022423086
3.009 0.00021844713
3.012 0.000202751628
3.015 0.000178136906
3.018 0.000145340528
3.021 0.000105634736
3.024 5.99002672e-05
3.027 1.15133915e-05
3.03 -3.79464759e-05
3.033 -8.59815659e-05
3.036 -0.0001299342
3.039 -0.00016764606
3.042 -0.000195438516
3.045 -0.000211890295
3.048 -0.000215603444
3.051 -0.000206049589
3.054 -0.000183256961
3.057 -0.000149450579
3.06 -0.000106810885
3.063 -5.84740287e-05
3.066 -7.96819099e-06
3.069 4.18820139e-05
3.072 8.62587109e-05
3.075 0.000123327108
3.078 0.00015127933
3.081 0.000169201204
3.084 0.000177079221
3.087 0.000175345564
3.09 0.000165388336
3.093 0.000148694336
3.096 0.000126846219
3.099 0.000100948845
3.102 7.31897159e-05
3.105 4.4386999e-05
3.108 1.55742011e-05
3.111 -1.23257378e-05
3.114 -3.88379511e-05
3.117 -6.22939214e-05
3.12 -8.22918931e-05
3.123 -9.80489207e-05
3.126 -0.000108881498
3.129 -0.000114321565
3.132 -0.000113952483
3.135 -0.000107993499
3.138 -9.69264164e-05
3.141 -8.16424419e-05
3.144 -6.31173527e-05
3.147 -4.35278748e-05
3.15 -2.43740918e-05
3.153 -7.42587297e-06
3.156 5.74491954e-06
3.159 1.40525036e-05
3.162 1.66387751e-05
3.165 1.37572331e-05
3.168 6.17214756e-06
3.171 -4.77589546e-06
3.174 -1.75730663e-05
3.177 -2.99858484e-05
3.18 -4.05757051e-05
3.183 -4.81474648e-05
3.186 -5.20843918e-05
3.189 -5.23402481e-05
3.192 -4.93653455e-05
3.195 -4.38920922e-05
3.198 -3.65972076e-05
3.201 -2.78959353e-05
3.204 -1.76361593e-05
3.207 -5.76072181e-06
3.21 8.45697616e-06
3.213 2.55120663e-05
3.216 4.54731493e-05
3.219 6.8046929e-05
3.222 9.09885812e-05
3.225 0.000112279434
3.228 0.000129040545
3.231 0.000138415109
3.234 0.00013769355
3.237 0.000125806493
3.24 0.000102996869
3.243 7.11945404e-05
3.246 3.32662037e-05
3.249 -4.9990795e-06
3.252 -3.9199492e-05
3.255 -6.48069043e-05
3.258 -7.84926268e-05
3.261 -7.86166171e-05
3.264 -6.57490258e-05
3.267 -4.26035062e-05
3.27 -1.33924641e-05
3.273 1.67534398e-05
3.276 4.29686828e-05
3.279 5.99464365e-05
3.282 6.51612146e-05
3.285 5.75212325e-05
3.288 3.79178881e-05
3.291 8.49226003e-06
3.294 -2.58866134e-05
3.297 -6.1103099e-05
3.3 -9.27753248e-05
3.303 -0.000117269378
3.306 -0.00013229434
3.309 -0.000136351443
3.312 -0.000130110395
3.315 -0.000115057417
3.318 -9.34251803e-05
3.321 -6.73394351e-05
3.324 -4.00865844e-05
3.327 -1.33371563e-05
3.33 1.14370138e-05
3.333 3.33719326e-05
3.336 5.23925606e-05
3.339 6.79296576e-05
3.342 8.04786579e-05
3.345 9.02002158e-05
3.348 9.7114513e-05
3.351 0.000101085842
3.354 0.000101644556
3.357 9.84455055e-05
3.36 9.10925787e-05
3.363 7.93539124e-05
3.366 6.29922628e-05
3.369 4.29232712e-05
3.372 1.97258424e-05
3.375 -5.43802275e-06
3.378 -3.11134977e-05
3.381 -5.60308396e-05
3.384 -7.77261867e-05
3.387 -9.50369857e-05
3.39 -0.000106672521
3.393 -0.000111746216
3.396 -0.000109795987
3.399 -0.00010107934
3.402 -8.63940629e-05
3.405 -6.70322588e-05
3.408 -4.46909681e-05
3.411 -2.09453505e-05
3.414 1.46686946e-06
3.417 2.10934436e-05
3.42 3.64750088e-05
3.423 4.67675215e-05
3.426 5.12752375e-05
3.429 5.04126272e-05
3.432 4.49045294e-05
3.435 3.58552333e-05
3.438 2.43954265e-05
3.441 1.22535015e-05
3.444 5.1664744e-07
3.447 -9.77507621e-06
3.45 -1.78381891e-05
3.453 -2.3201069e-05
3.456 -2.53794752e-05
3.459 -2.43275724e-05
3.462 -2.00172872e-05
3.465 -1.25319734e-05
3.468 -1.90412134e-06
3.471 1.11315965e-05
3.474 2.6070296e-05
3.477 4.19829853e-05
3.48 5.76589542e-05
3.483 7.18640347e-05
3.486 8.26137929e-05
3.489 8.87014248e-05
3.492 8.89756772e-05
3.495 8.27734696e-05
3.498 6.98222083e-05
3.501 5.12172017e-05
3.504 2.81788231e-05
3.507 2.62036865e-06
3.51 -2.32177322e-05
3.513 -4.73794492e-05
3.516 -6.70120234e-05
3.519 -8.08888766e-05
3.522 -8.80200752e-05
3.525 -8.81262168e-05
3.528 -8.14762308e-05
3.531 -6.93144778e-05
3.534 -5.30713889e-05
3.537 -3.45064243e-05
3.54 -1.54799714e-05
3.543 2.45890271e-06
3.546 1.7115023e-05
3.549 2.74412599e-05
3.552 3.24586296e-05
3.555 3.16106292e-05
3.558 2.4664152e-05
3.561 1.22755221e-05
3.564 -4.64569268e-06
3.567 -2.46224158e-05
3.57 -4.57449847e-05
3.573 -6.60966721e-05
3.576 -8.27020433e-05
3.579 -9.36955929e-05
3.582 -9.72602969e-05
3.585 -9.21894747e-05
3.588 -7.77794316e-05
3.591 -5.49707067e-05
3.594 -2.50052281e-05
3.597 9.9404248e-06
3.6 4.7118424e-05
3.603 8.40445532e-05
3.606 0.00011656317
3.609 0.000142657115
3.612 0.000160386767
3.615 0.000168721594
3.618 0.000167271019
3.621 0.000157022176
3.624 0.000139519146
3.627 0.000116829967
3.63 9.08471128e-05
3.633 6.4635492e-05
3.636 3.97125467e-05
3.639 1.7449438e-05
3.642 -1.41478531e-06
3.645 -1.69877697e-05
3.648 -2.92322767e-05
3.651 -3.92237843e-05
3.654 -4.79296504e-05
3.657 -5.62571892e-05
3.66 -6.49997426e-05
3.663 -7.41513356e-05
3.666 -8.36405739e-05
3.669 -9.28204529e-05
3.672 -0.000100689688
3.675 -0.000106102277
3.678 -0.000107664776
3.681 -0.000104473149
3.684 -9.59078318e-05
3.687 -8.18872979e-05
3.69 -6.26204699e-05
3.693 -3.98801496e-05
3.696 -1.51126057e-05
3.699 9.60091105e-06
3.702 3.20279951e-05
3.705 5.02799072e-05
3.708 6.20193847e-05
3.711 6.64184316e-05
3.714 6.30939373e-05
3.717 5.25049123e-05
3.72 3.56306316e-05
3.723 1.49864981e-05
3.726 -7.19870904e-06
3.729 -2.82871844e-05
3.732 -4.57556122e-05
3.735 -5.7618746e-05
3.738 -6.2038621e-05
3.741 -5.86200256e-05
3.744 -4.76195988e-05
3.747 -3.01349658e-05
3.75 -7.59182114e-06
3.753 1.7004937e-05
3.756 4.1475816e-05
3.759 6.3395917e-05
3.762 8.06733011e-05
3.765 9.18836978e-05
3.768 9.58319056e-05
3.771 9.2676111e-05
3.774 8.31034237e-05
3.777 6.84599005e-05
3.78 5.02935829e-05
3.783 3.13125275e-05
3.786 1.34043308e-05
3.789 -1.51847077e-06
3.792 -1.20174797e-05
3.795 -1.73591976e-05
3.798 -1.7389553e-05
3.801 -1.30417082e-05
3.804 -5.82351436e-06
3.807 2.3781415e-06
3.81 9.05448748e-06
3.813 1.22161323e-05
3.816 1.01885554e-05
3.819 2.01195376e-06
3.822 -1.2652446e-05
3.825 -3.2463065e-05
3.828 -5.58667611e-05
3.831 -8.05095077e-05
3.834 -0.000103730818
3.837 -0.000123179095
3.84 -0.000136024665
3.843 -0.000141087577
3.846 -0.000137698387
3.849 -0.000126070713
3.852 -0.000106863606
3.855 -8.22877758e-05
3.858 -5.40319335e-05
3.861 -2.40837339e-05
3.864 5.74909198e-06
3.867 3.44255798e-05
3.87 6.00064859e-05
3.873 8.23094315e-05
3.876 0.000101010683
3.879 0.000115981874
3.882 0.000127316654
3.885 0.000134608434
3.888 0.000137969586
3.891 0.000137304674
3.894 0.00013259005
3.897 0.000123804501
3.9 0.000111617254
3.903 9.66088536e-05
3.906 7.97350878e-05
3.909 6.21372311e-05
3.912 4.47470653e-05
3.915 2.91853444e-05
3.918 1.59690749e-05
3.921 5.4872123e-06
3.924 -2.33516603e-06
3.927 -8.10007627e-06
3.93 -1.25340705e-05
3.933 -1.68524768e-05
3.936 -2.22050694e-05
3.939 -2.95950936e-05
3.942 -3.98991806e-05
3.945 -5.30684288e-05
3.948 -6.90128323e-05
3.951 -8.70221033e-05
3.954 -0.000105961917
3.957 -0.00012465718
3.96 -0.000140886822
3.963 -0.000153310137
3.966 -0.000160442245
3.969 -0.000161099858
3.972 -0.000154362376
3.975 -0.000140189653
3.978 -0.00011884428
3.981 -9.11699639e-05
3.984 -5.8483384e-05
3.987 -2.18911633e-05
3.99 1.5532484e-05
3.993 5.23150054e-05
3.996 8.64909869e-05
3.999 0.000116262732
4.002 0.000140408454
4.005 0.00015695011
4.008 0.000165448122
4.011 0.000165420688
4.014 0.000156586342
4.017 0.000139576309
4.02 0.000115144467
4.023 8.4606043e-05
4.026 4.97718869e-05
4.029 1.23272684e-05
4.032 -2.39299605e-05
4.035 -5.67898716e-05
4.038 -8.35593852e-05
4.041 -0.000101916824
4.044 -0.000110246126
4.047 -0.000107535807
4.05 -9.43207805e-05
4.053 -7.20147212e-05
4.056 -4.30042672e-05
4.059 -9.8787588e-06
4.062 2.28198721e-05
4.065 5.21519218e-05
4.068 7.51426006e-05
4.071 8.96179147e-05
4.074 9.4438627e-05
4.077 8.94644536e-05
4.08 7.59481173e-05
4.083 5.58900183e-05
4.086 3.18985777e-05
4.089 6.45175512e-06
4.092 -1.68857314e-05
4.095 -3.621722e-05
4.098 -4.99763357e-05
4.101 -5.74804535e-05
4.104 -5.89550653e-05
4.107 -5.54700587e-05
4.11 -4.8859691e-05
4.113 -4.12763359e-05
4.116 -3.49349865e-05
4.119 -3.17660364e-05
4.122 -3.32596821e-05
4.125 -3.99169384e-05
4.128 -5.14115735e-05
4.131 -6.65194381e-05
4.134 -8.35109538e-05
4.137 -9.93092735e-05
4.14 -0.00011143864
4.143 -0.00011731485
4.146 -0.000114842749
4.149 -0.000102435373
4.152 -8.01378287e-05
4.155 -4.85762822e-05
4.158 -9.51703239e-06
4.161 3.4397211e-05
4.164 8.05966714e-05
4.167 0.00012401687
4.17 0.000161793797
4.173 0.00019071938
4.176 0.000208251181
4.179 0.000212713645
4.182 0.000203392899
4.185 0.000181021258
4.188 0.000147233298
4.191 0.000104597448
4.194 5.56093864e-05
4.197 5.51005862e-06
4.2 -4.26616734e-05
4.203 -8.54167868e-05
4.206 -0.000120304772
4.209 -0.00014414595
4.212 -0.00015645372
4.215 -0.000157150449
4.218 -0.000147105229
4.221 -0.000127605532
4.224 -0.000101470906
4.227 -7.09284785e-05
4.23 -3.84461396e-05
4.233 -6.28334919e-06
4.236 2.40953322e-05
4.239 5.02519492e-05
4.242 7.16079862e-05
4.245 8.7451969e-05
4.248 9.73525826e-05
4.251 0.000101101838
4.254 9.85496725e-05
4.257 8.99620907e-05
4.26 7.57417027e-05
4.263 5.66037928e-05
4.266 3.32569748e-05
4.269 7.93329944e-06
4.272 -1.78376979e-05
4.275 -4.1936664e-05
4.278 -6.21635547e-05
4.281 -7.66301383e-05
4.284 -8.32076477e-05
4.287 -8.11281572e-05
4.29 -7.01334058e-05
4.293 -5.08304103e-05
4.296 -2.42189716e-05
4.299 6.67426747e-06
4.302 3.95166405e-05
4.305 7.13761393e-05
4.308 9.9376376e-05
4.311 0.000121252428
4.314 0.000134340396
4.317 0.000137806427
4.32 0.000131234106
4.323 0.000115009289
4.326 8.97922936e-05
4.329 5.80762833e-05
4.332 2.16482966e-05
4.335 -1.71473869e-05
4.338 -5.59086972e-05
4.341 -9.28715483e-05
4.344 -0.000124802793
4.347 -0.000150570303
4.35 -0.000168874567
4.353 -0.000178901698
4.356 -0.000180313957
4.359 -0.000173309483
4.362 -0.000158719935
4.365 -0.000137724548
4.368 -0.000111837577
4.371 -8.23050637e-05
4.374 -5.18216722e-05
4.377 -2.16034584e-05
4.38 6.95283426e-06
4.383 3.28088248e-05
4.386 5.56615414e-05
4.389 7.45859836e-05
4.392 9.00841049e-05
4.395 0.000102506294
4.398 0.000112424475
4.401 0.000119918912
4.404 0.000125361217
4.407 0.000128692507
4.41 0.000129576086
4.413 0.000127382826
4.416 0.000121479412
4.419 0.000111200326
4.422 9.61044636e-05
4.425 7.61417207e-05
4.428 5.13795299e-05
4.431 2.36731497e-05
4.434 -5.66796701e-06
4.437 -3.45339065e-05
4.44 -6.05777485e-05
4.443 -8.17727551e-05
4.446 -9.54985726e-05
4.449 -0.000100834544
4.452 -9.73499177e-05
4.455 -8.55783808e-05
4.458 -6.66516037e-05
4.461 -4.34146502e-05
4.464 -1.83441882e-05
4.467 5.70367748e-06
4.47 2.60897228e-05
4.473 4.08724773e-05
4.476 4.8210182e-05
4.479 4.78587536e-05
4.482 4.01202748e-05
4.485 2.60049054e-05
4.488 6.72696577e-06
4.491 -1.52303812e-05
4.494 -3.81353629e-05
4.497 -6.0026852e-05
4.5 -7.90987808e-05
4.503 -9.39726023e-05
4.506 -0.000102912732
4.509 -0.000105283176
4.512 -0.000100591474
4.515 -8.88118954e-05
4.518 -7.01001229e-05
4.521 -4.60827247e-05
4.524 -1.80903642e-05
4.527 1.18519643e-05
4.53 4.13979317e-05
4.533 6.8454294e-05
4.536 8.9793973e-05
4.539 0.000103866484
4.542 0.000109283053
4.545 0.000105456918
4.548 9.24603613e-05
4.551 7.20025929e-05
4.554 4.61180677e-05
4.557 1.76549997e-05
4.56 -1.01346443e-05
4.563 -3.42628055e-05
4.566 -5.09574144e-05
4.569 -5.83318852e-05
4.572 -5.50924806e-05
4.575 -4.11693579e-05
4.578 -1.73806478e-05
4.581 1.29947145e-05
4.584 4.6686625e-05
4.587 7.94363763e-05
4.59 0.000107114096
4.593 0.000124614542
4.596 0.000129035001
4.599 0.000118259246
4.602 9.17709407e-05
4.605 5.00787957e-05
4.608 -2.49631476e-06
4.611 -6.19748686e-05
4.614 -0.000122756986
4.617 -0.00017871399
4.62 -0.000224418272
4.623 -0.000253152405
4.626 -0.000261850077
4.629 -0.000248466868
4.632 -0.000213057011
4.635 -0.000156825697
4.638 -8.57504729e-05
4.641 -4.8951103e-06
4.644 7.89448878e-05
4.647 0.000158630095
4.65 0.000228331182
4.653 0.000280061893
4.656 0.00031078707
4.659 0.00031820039
4.662 0.000302051368
4.665 0.000263337683
4.668 0.0002068049
4.671 0.000136886567
4.674 5.92986243e-05
4.677 -1.99234543e-05
4.68 -9.60451156e-05
4.683 -0.000161455753
4.686 -0.000213170744
4.689 -0.000248213287
4.692 -0.000264956281
4.695 -0.000262969655
4.698 -0.000243378601
4.701 -0.00020851295
4.704 -0.000161549871
4.707 -0.000106390294
4.71 -4.64630269e-05
4.713 1.18062495e-05
4.716 6.49405019e-05
4.719 0.000109006305
4.722 0.00014080977
4.725 0.000158304079
4.728 0.00015995087
4.731 0.000146478067
4.734 0.000119559168
4.737 8.20932651e-05
4.74 3.72566956e-05
4.743 -8.96131362e-06
4.746 -5.24404733e-05
4.749 -8.86727731e-05
4.752 -0.00011388336
4.755 -0.000125504726
4.758 -0.000121985171
4.761 -0.000104032275
4.764 -7.36096076e-05
4.767 -3.40134484e-05
4.77 1.12033901e-05
4.773 5.58340511e-05
4.776 9.58351563e-05
4.779 0.000127046405
4.782 0.0001464873
4.785 0.000151665796
4.788 0.000142569866
4.791 0.00012022091
4.794 8.69068404e-05
4.797 4.52118872e-05
4.8 3.46998826e-07
4.803 -4.4198859e-05
4.806 -8.45394525e-05
4.809 -0.000117326252
4.812 -0.0001402802
4.815 -0.00015111782
4.818 -0.000149782147
4.821 -0.000136812064
4.824 -0.000113675232
4.827 -8.20609613e-05
4.83 -4.57384935e-05
4.833 -7.31861579e-06
4.836 3.01401002e-05
4.839 6.3812934e-05
4.842 9.17009328e-05
4.845 0.000111189116
4.848 0.000121778693
4.851 0.000123283414
4.854 0.000116290134
4.857 0.000101799846
4.86 8.20958814e-05
4.863 5.91731562e-05
4.866 3.53325303e-05
4.869 1.27922595e-05
4.872 -6.78330206e-06
4.875 -2.13042077e-05
4.878 -3.02247265e-05
4.881 -3.33257531e-05
4.884 -3.10530183e-05
4.887 -2.43298452e-05
4.89 -1.49269572e-05
4.893 -4.63053632e-06
4.896 4.59945895e-06
4.899 1.09329546e-05
4.902 1.28848732e-05
4.905 9.46115529e-06
4.908 4.98558602e-07
4.911 -1.34883658e-05
4.914 -3.12697422e-05
4.917 -5.13324426e-05
4.92 -7.08040528e-05
4.923 -8.76137566e-05
4.926 -9.9528738e-05
4.929 -0.000104720151
4.932 -0.00010187658
4.935 -9.06605836e-05
4.938 -7.15161187e-05
4.941 -4.56667663e-05
4.944 -1.50116909e-05
4.947 1.85906383e-05
4.95 5.14473613e-05
4.953 8.14513485e-05
4.956 0.000106245163
4.959 0.000123930385
4.962 0.000133293634
4.965 0.000133457196
4.968 0.000124782083
4.971 0.000108106004
4.974 8.48662368e-05
4.977 5.65061794e-05
4.98 2.61375261e-05
4.983 -4.31460376e-06
4.986 -3.25901474e-05
4.989 -5.70157416e-05
4.992 -7.52293622e-05
4.995 -8.66002075e-05
4.998 -9.07048141e-05
5.001 -8.77627079e-05
5.004 -7.84117255e-05
5.007 -6.42908754e-05
5.01 -4.69962562e-05
5.013 -2.83972976e-05
5.016 -1.0344069e-05
5.019 5.74003233e-06
5.022 1.80566185e-05
5.025 2.60521861e-05
5.028 2.9411166e-05
5.031 2.83104425e-05
5.034 2.32500712e-05
5.037 1.53258174e-05
5.04 5.6135359e-06
5.043 -4.69408345e-06
5.046 -1.44543298e-05
5.049 -2.27809869e-05
5.052 -2.86241933e-05
5.055 -3.15974299e-05
5.058 -3.14382536e-05
5.061 -2.81445478e-05
5.064 -2.18349217e-05
5.067 -1.31518679e-05
5.07 -2.6267562e-06
5.073 9.01824173e-06
5.076 2.09957145e-05
5.079 3.2675202e-05
5.082 4.29176082e-05
5.085 5.12126985e-05
5.088 5.69704201e-05
5.091 5.97293033e-05
5.094 5.91356482e-05
5.097 5.50441842e-05
5.1 4.74780763e-05
5.103 3.66229252e-05
5.106 2.28616626e-05
5.109 6.52690441e-06
5.112 -1.10428539e-05
5.115 -2.90378396e-05
5.118 -4.62307907e-05
5.121 -6.12841061e-05
5.124 -7.30063223e-05
5.127 -7.9825712e-05
5.13 -8.10589297e-05
5.133 -7.62594621e-05
5.136 -6.55411406e-05
5.139 -4.93455446e-05
5.142 -2.9499362e-05
5.145 -7.57064501e-06
5.148 1.43918475e-05
5.151 3.43172983e-05
5.154 5.05884881e-05
5.157 6.13407485e-05
5.16 6.61668324e-05
5.163 6.50952824e-05
5.166 5.88348406e-05
5.169 4.84470617e-05
5.172 3.5830131e-05
5.175 2.24609398e-05
5.178 9.75157384e-06
5.181 -1.42990041e-06
5.184 -1.02035174e-05
5.187 -1.67203768e-05
5.19 -2.13357214e-05
5.193 -2.46305344e-05
5.196 -2.72548448e-05
5.199 -2.95966731e-05
5.202 -3.18864928e-05
5.205 -3.39889634e-05
5.208 -3.54859882e-05
5.211 -3.57801226e-05
5.214 -3.4251491e-05
5.217 -3.04670146e-05
5.22 -2.42696692e-05
5.223 -1.58738701e-05
5.226 -5.70650221e-06
5.229 5.00696792e-06
5.232 1.53341793e-05
5.235 2.41867457e-05
5.238 3.06343292e-05
5.241 3.40723865e-05
5.244 3.4150268e-05
5.247 3.11170443e-05
5.25 2.55091982e-05
5.253 1.81282183e-05
5.256 9.77464292e-06
5.259 1.63039516e-06
5.262 -5.6656981e-06
5.265 -1.159183e-05
5.268 -1.59080685e-05
5.271 -1.86715389e-05
5.274 -2.00269392e-05
5.277 -2.03539415e-05
5.28 -1.99610439e-05
5.283 -1.90385524e-05
5.286 -1.7564309e-05
5.289 -1.5384407e-05
5.292 -1.21240493e-05
5.295 -7.36225356e-06
5.298 -7.41821841e-07
5.301 8.04390465e-06
5.304 1.85578231e-05
5.307 3.03653157e-05
5.31 4.25274192e-05
5.313 5.37990041e-05
5.316 6.28926174e-05
5.319 6.81518156e-05
5.322 6.86410203e-05
5.325 6.37186334e-05
5.328 5.33362758e-05
5.331 3.78205615e-05
5.334 1.88671074e-05
5.337 -2.0622012e-06
5.34 -2.30589108e-05
5.343 -4.22255175e-05
5.346 -5.81391893e-05
5.349 -6.91401793e-05
5.352 -7.49639172e-05
5.355 -7.57189618e-05
5.358 -7.210277e-05
5.361 -6.513181e-05
5.364 -5.64234128e-05
5.367 -4.72924174e-05
5.37 -3.89436156e-05
5.373 -3.2133536e-05
5.376 -2.7465299e-05
5.379 -2.47344631e-05
5.382 -2.34444207e-05
5.385 -2.28054988e-05
5.388 -2.18688282e-05
5.391 -1.97538874e-05
5.394 -1.5737203e-05
5.397 -9.40488628e-06
5.4 -7.09975119e-07
5.403 1.01970196e-05
5.406 2.23037789e-05
5.409 3.48489538e-05
5.412 4.67940816e-05
5.415 5.7110211e-05
5.418 6.50028108e-05
5.421 6.95696774e-05
5.424 7.06100247e-05
5.427 6.81027105e-05
5.43 6.2321404e-05
5.433 5.36154666e-05
5.436 4.2900057e-05
5.439 3.07388314e-05
5.442 1.77629623e-05
5.445 4.50257137e-06
5.448 -8.83139949e-06
5.451 -2.15045576e-05
5.454 -3.344163e-05
5.457 -4.43274502e-05
5.46 -5.37508052e-05
5.463 -6.12649531e-05
5.466 -6.59609501e-05
5.469 -6.72355371e-05
5.472 -6.4390803e-05
5.475 -5.69029784e-05
5.478 -4.43352596e-05
5.481 -2.73156458e-05
5.484 -6.44624477e-06
5.487 1.69958058e-05
5.49 4.12901529e-05
5.493 6.47679834e-05
5.496 8.45951438e-05
5.499 9.92380232e-05
5.502 0.000107205064
5.505 0.00010762457
5.508 0.000100201907
5.511 8.58397206e-05
5.514 6.58671975e-05
5.517 4.22176111e-05
5.52 1.71392478e-05
5.523 -7.4354844e-06
5.526 -2.86591421e-05
5.529 -4.53186765e-05
5.532 -5.64282599e-05
5.535 -6.16930566e-05
5.538 -6.14493726e-05
5.541 -5.66736384e-05
5.544 -4.87754311e-05
5.547 -3.93448019e-05
5.55 -2.99887422e-05
5.553 -2.20446925e-05
5.556 -1.68980312e-05
5.559 -1.51212184e-05
5.562 -1.69607748e-05
5.565 -2.23023887e-05
5.568 -3.03216294e-05
5.571 -4.00663796e-05
5.574 -5.02749299e-05
5.577 -5.95561437e-05
5.58 -6.66115101e-05
5.583 -6.99811926e-05
5.586 -6.88653824e-05
5.589 -6.27492622e-05
5.592 -5.16180645e-05
5.595 -3.57173682e-05
5.598 -1.658443e-05
5.601 4.53385129e-06
5.604 2.59056026e-05
5.607 4.57147493e-05
5.61 6.24943677e-05
5.613 7.43462419e-05
5.616 8.06878119e-05
5.619 8.12438138e-05
5.622 7.63641915e-05
5.625 6.68001075e-05
5.628 5.42496865e-05
5.631 4.02639264e-05
5.634 2.65774563e-05
5.637 1.47802292e-05
5.64 6.02167956e-06
5.643 1.35308709e-06
5.646 8.21032676e-07
5.649 4.07036766e-06
5.652 1.02504827e-05
5.655 1.82764403e-05
5.658 2.64803705e-05
5.661 3.35843032e-05
5.664 3.8397499e-05
5.667 4.00851158e-05
5.67 3.82115848e-05
5.673 3.29472497e-05
5.676 2.48524687e-05
5.679 1.48327867e-05
5.682 3.99173213e-06
5.685 -6.69101325e-06
5.688 -1.5865374e-05
5.691 -2.29495893e-05
5.694 -2.75259172e-05
5.697 -2.95319802e-05
5.7 -2.92063344e-05
5.703 -2.70689811e-05
5.706 -2.37710996e-05
5.709 -1.99708701e-05
5.712 -1.62417228e-05
5.715 -1.29504739e-05
5.718 -1.04116966e-05
5.721 -8.58082022e-06
5.724 -7.30911198e-06
5.727 -6.35425002e-06
5.73 -5.44471019e-06
5.733 -4.41224404e-06
5.736 -3.17283866e-06
5.739 -1.80985357e-06
5.742 -5.55700806e-07
5.745 2.54935785e-07
5.748 2.10237232e-07
5.751 -1.00818109e-06
5.754 -3.60257707e-06
5.757 -7.57177518e-06
5.76 -1.275834e-05
5.763 -1.85100711e-05
5.766 -2.42169271e-05
5.769 -2.90882236e-05
5.772 -3.23700065e-05
5.775 -3.32883369e-05
5.778 -3.14763202e-05
5.781 -2.68085276e-05
5.784 -1.94967391e-05
5.787 -9.9090724e-06
5.79 8.71989569e-07
5.793 1.20599223e-05
5.796 2.27190502e-05
5.799 3.20176085e-05
5.802 3.94198371e-05
5.805 4.43198521e-05
5.808 4.67427205e-05
5.811 4.68118123e-05
5.814 4.48098565e-05
5.817 4.10238929e-05
5.82 3.59249603e-05
5.823 2.97527442e-05
5.826 2.27073973e-05
5.829 1.4921181e-05
5.832 6.37228099e-06
5.835 -2.51113853e-06
5.838 -1.15786829e-05
5.841 -2.03969229e-05
5.844 -2.83712857e-05
5.847 -3.48690181e-05
5.85 -3.89228405e-05
5.853 -3.99603748e-05
5.856 -3.7486965e-05
5.859 -3.13091177e-05
5.862 -2.14345233e-05
5.865 -8.76932078e-06
5.868 5.83496365e-06
5.871 2.11040997e-05
5.874 3.55932996e-05
5.877 4.80085884e-05
5.88 5.66405383e-05
5.883 6.06938089e-05
5.886 5.95810212e-05
5.889 5.32083723e-05
5.892 4.17851161e-05
5.895 2.6571466e-05
5.898 8.7123555e-06
5.901 -1.02545716e-05
5.904 -2.86960665e-05
5.907 -4.52806964e-05
5.91 -5.81471645e-05
5.913 -6.6597693e-05
5.916 -7.01062305e-05
5.919 -6.86337225e-05
5.922 -6.24898327e-05
5.925 -5.27264259e-05
5.928 -4.04463964e-05
5.931 -2.69911095e-05
5.934 -1.37353014e-05
5.937 -1.779262e-06
5.94 7.46148626e-06
5.943 1.34763701e-05
5.946 1.59295667e-05
5.949 1.48642124e-05
5.952 1.05771457e-05
5.955 3.8601573e-06
5.958 -4.51418266e-06
5.961 -1.36818701e-05
5.964 -2.29788048e-05
5.967 -3.14578458e-05
5.97 -3.88177247e-05
5.973 -4.48294347e-05
5.976 -4.94506999e-05
5.979 -5.28003455e-05
5.982 -5.48815624e-05
5.985 -5.57916173e-05
5.988 -5.54174595e-05
5.991 -5.34525839e-05
5.994 -4.93177155e-05
5.997 -4.25024113e-05
