x   y
0.0 -1.4314331670372118e-18
0.004 -6.698065724744303e-18
0.008 -3.03550259286528e-17
0.012 -1.332315460842709e-16
0.016 -5.663314413231357e-16
0.02 -2.331378462126516e-15
0.024 -9.294459948108243e-15
0.028 -3.5883512657760584e-14
0.032 -1.3415738607647501e-13
0.036000000000000004 -4.857040785522734e-13
0.04 -1.702763271714642e-12
0.044 -5.780282597007213e-12
0.048 -1.899949404337516e-11
0.052000000000000005 -6.046693160505906e-11
0.056 -1.8632034000588412e-10
0.06 -5.558417511032158e-10
0.064 -1.6053553652510107e-09
0.068 -4.488478463680794e-09
0.07200000000000001 -1.2148199519850875e-08
0.076 -3.1826153741157544e-08
0.08 -8.070269444865102e-08
0.084 -1.980582277416264e-07
0.088 -4.703973055322711e-07
0.092 -1.081100963648795e-06
0.096 -2.404115493896657e-06
0.1 -5.172318620381234e-06
0.10400000000000001 -1.0764740820563123e-05
0.108 -2.1669607243496235e-05
0.112 -4.2185242043002025e-05
0.116 -7.940641928607592e-05
0.12 -0.00014449358281171283
0.124 -0.0002541196241062082
0.128 -0.0004318241635100641
0.132 -0.0007087890206338653
0.136 -0.0011233250936880637
0.14 -0.0017182167467036712
0.14400000000000002 -0.002535127040932022
0.148 -0.0036056522676344046
0.152 -0.004939401435209596
0.156 -0.0065106169535937486
0.16 -0.008246119696959294
0.164 -0.010018347962634436
0.168 -0.011647463280374894
0.17200000000000001 -0.012915492052559652
0.176 -0.013593131342889498
0.18 -0.013476509024628673
0.184 -0.012427687539662655
0.188 -0.010410181799593847
0.192 -0.007510304970295564
0.196 -0.003937330651477061
0.2 0.0
0.20400000000000001 0.003937330651477061
0.20800000000000002 0.007510304970295564
0.212 0.01041018179959383
0.216 0.012427687539662644
0.22 0.013476509024628672
0.224 0.0135931313428895
0.228 0.012915492052559652
0.232 0.011647463280374894
0.23600000000000002 0.010018347962634436
0.24 0.008246119696959306
0.244 0.00651061695359376
0.248 0.004939401435209607
0.252 0.003605652267634412
0.256 0.002535127040932022
0.26 0.0017182167467036712
0.264 0.0011233250936880637
0.268 0.0007087890206338653
0.272 0.0004318241635100641
0.276 0.0002541196241062082
0.28 0.00014449358281171283
0.28400000000000003 7.940641928607571e-05
0.28800000000000003 4.218524204300196e-05
0.292 2.1669607243496378e-05
0.296 1.0764740820563178e-05
0.3 5.17231862038126e-06
0.304 2.4041154938966693e-06
0.308 1.0811009636488005e-06
0.312 4.703973055322743e-07
0.316 1.9805822774162673e-07
0.32 8.070269444865131e-08
0.324 3.182615374115765e-08
0.328 1.2148199519850875e-08
0.332 4.488478463680794e-09
0.336 1.6053553652510107e-09
0.34 5.558417511032158e-10
0.34400000000000003 1.8632034000588412e-10
0.34800000000000003 6.046693160505906e-11
0.352 1.899949404337549e-11
0.356 5.780282597007314e-12
0.36 1.7027632717146537e-12
0.364 4.857040785522785e-13
0.368 1.3415738607647595e-13
0.372 3.588351265776096e-14
0.376 9.29445994810834e-15
0.38 2.3313784621265405e-15
0.384 5.663314413231357e-16
0.388 1.332315460842709e-16
0.392 3.03550259286528e-17
0.396 6.698065724744303e-18
0.4 1.4314331670372118e-18
0.404 2.9628030784055507e-19
0.40800000000000003 5.939519154797429e-20
0.41200000000000003 1.1532486067122064e-20
0.41600000000000004 2.16882118635627e-21
0.42 3.9505666011959023e-22
0.424 6.970039339192277e-23
0.428 1.1911222979672425e-23
0.432 1.971639827252276e-24
0.436 3.1612109891047178e-25
0.44 4.909512805480934e-26
0.444 7.385611347046327e-27
0.448 1.0762212567622828e-27
0.452 1.5191039032614177e-28
0.456 2.0770538250132943e-29
0.46 2.750969487585501e-30
0.464 3.529431723519877e-31
0.468 4.386396411251965e-32
0.47200000000000003 5.2807791604487014e-33
0.47600000000000003 6.158543241412082e-34
0.48 6.957457281222176e-35
0.484 7.614094350060224e-36
0.488 8.072045320263465e-37
0.492 8.28989324591715e-38
0.496 8.247390782417708e-39
0.5 7.948564176550429e-40
0.504 7.421084474351307e-41
0.508 6.712041950683894e-42
0.512 5.8810177025967715e-43
0.516 4.991863659148622e-44
0.52 4.104754082909304e-45
0.524 3.2698475193724963e-46
0.528 2.5233962475326023e-47
0.532 1.8865251710940392e-48
0.536 1.3663454094462129e-49
0.54 9.586953892743642e-51
0.544 6.516650867596534e-52
0.548 4.291344085547996e-53
0.552 2.737717508200952e-54
0.556 1.692043937939636e-55
0.56 1.0131263256837034e-56
0.5640000000000001 5.876865312487654e-58
0.5680000000000001 3.3026246621788847e-59
0.5720000000000001 1.798064144523245e-60
0.5760000000000001 9.48385092212307e-62
0.58 4.8461728029048677e-63
0.584 2.399102162783574e-64
0.588 1.1506288390544104e-65
0.592 5.346374793361699e-67
0.596 2.406700878899064e-68
0.6 1.0496011840309571e-69
0.604 4.434726781258824e-71
0.608 1.8153093404418037e-72
0.612 7.199071116309365e-74
0.616 2.7659551886681536e-75
0.62 1.0295737324866451e-76
0.624 3.7129078205963605e-78
0.628 1.2972271205363717e-79
0.632 4.391002965287468e-81
0.636 1.4399851008902268e-82
0.64 4.575088552784458e-84
0.644 1.4082796690927008e-85
0.648 4.199783063009655e-87
0.652 1.2134278985514754e-88
0.656 3.39665059007124e-90
0.66 9.21166521385122e-92
0.664 2.4203399560203982e-93
0.668 6.161211417836329e-95
0.672 1.5195252412743486e-96
0.676 3.630800003170315e-98
0.68 8.405234976531765e-100
0.684 1.8851721857886392e-101
0.6880000000000001 4.096437345967982e-103
0.6920000000000001 8.62414844781823e-105
0.6960000000000001 1.7590622794054726e-106
0.7000000000000001 3.4761759879387116e-108
0.704 6.655463283158025e-110
0.708 1.234557337511044e-111
0.712 2.2187128766871276e-113
0.716 3.863209208306185e-115
0.72 6.517079899497734e-117
0.724 1.0651627190013129e-118
0.728 1.686698096388364e-120
0.732 2.587722005768117e-122
0.736 3.846423716570914e-124
0.74 5.5393171888900905e-126
0.744 7.728857624697653e-128
0.748 1.0448036758049397e-129
0.752 1.3684052443215363e-131
0.756 1.736423902608654e-133
0.76 2.1348044303621433e-135
0.764 2.542857772380383e-137
0.768 2.9345937740024774e-139
0.772 3.281226180174423e-141
0.776 3.554568587912007e-143
0.78 3.73078719658134e-145
0.784 3.7938241167586675e-147
0.788 3.7378109029962566e-149
0.792 3.5679696755072724e-151
0.796 3.299810103544736e-153
0.8 2.9567933431532682e-155
0.804 2.5669504531354896e-157
0.808 2.1591297707566188e-159
0.812 1.7595637260752858e-161
0.8160000000000001 1.3893014690905958e-163
0.8200000000000001 1.062804708529002e-165
0.8240000000000001 7.8772777779189145e-168
0.8280000000000001 5.65672150250757e-170
0.8320000000000001 3.935678445394486e-172
0.836 2.653021775548168e-174
0.84 1.7327209834168647e-176
0.844 1.0964359905746183e-178
0.848 6.722100000489388e-181
0.852 3.992950250344401e-183
0.856 2.2980013321854025e-185
0.86 1.2813692522146288e-187
0.864 6.922550956922275e-190
0.868 3.623481566122434e-192
0.872 1.8376134950890834e-194
0.876 9.029229505122604e-197
0.88 4.298488798119145e-199
0.884 1.982666513818098e-201
0.888 8.860382779720601e-204
0.892 3.836404658205589e-206
0.896 1.6094060023872387e-208
0.9 6.541483825883676e-211
0.904 2.5760633488312754e-213
0.908 9.8289375966184e-216
0.912 3.633511567167489e-218
0.916 1.301417379145978e-220
0.92 4.516238775995299e-223
0.924 1.5184747582127317e-225
0.928 4.9466228002748045e-228
0.932 1.5612796331524168e-230
0.936 4.774450754633904e-233
0.9400000000000001 1.4146112482985523e-235
0.9440000000000001 4.060896297962168e-238
0.9480000000000001 1.1294784018254928e-240
0.9520000000000001 3.0437244670268997e-243
0.9560000000000001 7.947018887449428e-246
0.96 2.010364421568444e-248
0.964 4.927391802254798e-251
0.968 1.170122395464175e-253
0.972 2.692263096232892e-256
0.976 6.001721493268526e-259
0.98 1.296302718664244e-261
0.984 2.712747655317479e-264
0.988 5.500280644904e-267
0.992 1.080520234468987e-269
0.996 2.0566181955738584e-272
