	monx          mony
   0.00000000      -2.69330782E-12
   3.50000011E-03  -3.00115054E-12
   7.00000022E-03  -2.98594678E-12
   1.05000008E-02  -2.69800219E-12
   1.40000004E-02  -2.20533899E-12
   1.75000001E-02  -1.58699930E-12
   2.10000016E-02  -9.25707102E-13
   2.45000012E-02  -3.00535123E-13
   2.80000009E-02   2.19783162E-13
   3.15000005E-02   5.82330408E-13
   3.50000001E-02   7.53822081E-13
   3.84999998E-02   7.22476115E-13
   4.20000032E-02   4.97830835E-13
   4.55000028E-02   1.08596224E-13
   4.90000024E-02  -4.01194974E-13
   5.25000021E-02  -9.77320872E-13
   5.60000017E-02  -1.56126186E-12
   5.95000014E-02  -2.09626500E-12
   6.30000010E-02  -2.53299530E-12
   6.65000007E-02  -2.83424174E-12
   7.00000003E-02  -2.97824894E-12
   7.34999999E-02  -2.96039191E-12
   7.69999996E-02  -2.79307588E-12
   8.04999992E-02  -2.50392025E-12
   8.40000063E-02  -2.13245697E-12
   8.75000060E-02  -1.72570996E-12
   9.10000056E-02  -1.33312708E-12
   9.45000052E-02  -1.00139352E-12
   9.80000049E-02  -7.69651866E-13
  0.101500005      -6.65605320E-13
  0.105000004      -7.02882847E-13
  0.108500004      -8.79908505E-13
  0.112000003      -1.18036201E-12
  0.115500003      -1.57515472E-12
  0.119000003      -2.02568973E-12
  0.122500002      -2.48805208E-12
  0.126000002      -2.91767977E-12
  0.129500002      -3.27402862E-12
  0.133000001      -3.52474820E-12
  0.136500001      -3.64894573E-12
  0.140000001      -3.63921306E-12
  0.143500000      -3.50221805E-12
  0.147000000      -3.25782804E-12
  0.150500000      -2.93686169E-12
  0.153999999      -2.57772883E-12
  0.157499999      -2.22231413E-12
  0.160999998      -1.91154427E-12
  0.164499998      -1.68110068E-12
  0.168000013      -1.55772671E-12
  0.171500012      -1.55650286E-12
  0.175000012      -1.67937094E-12
  0.178500012      -1.91504538E-12
  0.182000011      -2.24031167E-12
  0.185500011      -2.62256362E-12
  0.189000010      -3.02330383E-12
  0.192500010      -3.40223552E-12
  0.196000010      -3.72151138E-12
  0.199500009      -3.94969604E-12
  0.203000009      -4.06502653E-12
  0.206500009      -4.05763617E-12
  0.210000008      -3.93051650E-12
  0.213500008      -3.69912000E-12
  0.217000008      -3.38965813E-12
  0.220500007      -3.03627978E-12
  0.224000007      -2.67742837E-12
  0.227500007      -2.35176939E-12
  0.231000006      -2.09411568E-12
  0.234500006      -1.93177852E-12
  0.238000005      -1.88172373E-12
  0.241500005      -1.94883150E-12
  0.245000005      -2.12543589E-12
  0.248500004      -2.39218476E-12
  0.252000004      -2.72012859E-12
  0.255500019      -3.07381095E-12
  0.259000003      -3.41503171E-12
  0.262500018      -3.70688593E-12
  0.266000003      -3.91765266E-12
  0.269500017      -4.02412305E-12
  0.273000002      -4.01402219E-12
  0.276500016      -3.88727028E-12
  0.280000001      -3.65595401E-12
  0.283500016      -3.34301835E-12
  0.287000000      -2.97981323E-12
  0.290500015      -2.60276349E-12
  0.294000000      -2.24951177E-12
  0.297500014      -1.95494055E-12
  0.300999999      -1.74749679E-12
  0.304500014      -1.64620249E-12
  0.307999998      -1.65866637E-12
  0.311500013      -1.78030377E-12
  0.314999998      -1.99484504E-12
  0.318500012      -2.27607668E-12
  0.321999997      -2.59062910E-12
  0.325500011      -2.90151518E-12
  0.328999996      -3.17204596E-12
  0.332500011      -3.36970881E-12
  0.336000025      -3.46959961E-12
  0.339500010      -3.45704780E-12
  0.343000025      -3.32915596E-12
  0.346500009      -3.09509558E-12
  0.350000024      -2.77512648E-12
  0.353500009      -2.39844711E-12
  0.357000023      -2.00010039E-12
  0.360500008      -1.61726633E-12
  0.364000022      -1.28532981E-12
  0.367500007      -1.03414239E-12
  0.371000022      -8.84869923E-13
  0.374500006      -8.47760664E-13
  0.378000021      -9.21068343E-13
  0.381500006      -1.09124428E-12
  0.385000020      -1.33437673E-12
  0.388500005      -1.61872664E-12
  0.392000020      -1.90808979E-12
  0.395500004      -2.16563182E-12
  0.399000019      -2.35778888E-12
  0.402500004      -2.45782301E-12
  0.406000018      -2.44865521E-12
  0.409500003      -2.32467778E-12
  0.413000017      -2.09235190E-12
  0.416500002      -1.76953049E-12
  0.420000017      -1.38357381E-12
  0.423500001      -9.68459145E-13
  0.427000016      -5.61189387E-13
  0.430500001      -1.97879148E-13
  0.434000015       9.00662533E-14
  0.437500000       2.79275816E-13
  0.441000015       3.56889052E-13
  0.444499999       3.21921255E-13
  0.448000014       1.85372198E-13
  0.451500028      -3.09337347E-14
  0.455000013      -2.96654736E-13
  0.458500028      -5.76142378E-13
  0.462000012      -8.32217325E-13
  0.465500027      -1.03011057E-12
  0.469000012      -1.14115325E-12
  0.472500026      -1.14582421E-12
  0.476000011      -1.03583179E-12
  0.479500026      -8.15008271E-13
  0.483000010      -4.98921488E-13
  0.486500025      -1.13242437E-13
  0.490000010       3.08959103E-13
  0.493500024       7.30706565E-13
  0.497000009       1.11502669E-12
  0.500500023       1.42886451E-12
  0.504000008       1.64658912E-12
  0.507499993       1.75271646E-12
  0.511000037       1.74356178E-12
  0.514500022       1.62764409E-12
  0.518000007       1.42479702E-12
  0.521499991       1.16407957E-12
  0.525000036       8.80706424E-13
  0.528500021       6.12318898E-13
  0.532000005       3.94994530E-13
  0.535499990       2.59414154E-13
  0.539000034       2.27595097E-13
  0.542500019       3.10536969E-13
  0.546000004       5.07031212E-13
  0.549499989       8.03762872E-13
  0.553000033       1.17669654E-12
  0.556500018       1.59360134E-12
  0.560000002       2.01744979E-12
  0.563500047       2.41033300E-12
  0.567000031       2.73747561E-12
  0.570500016       2.97092862E-12
  0.574000001       3.09254380E-12
  0.577500045       3.09591675E-12
  0.581000030       2.98708714E-12
  0.584500015       2.78392153E-12
  0.588000000       2.51423947E-12
  0.591500044       2.21288049E-12
  0.595000029       1.91801935E-12
  0.598500013       1.66711837E-12
  0.601999998       1.49294791E-12
  0.605500042       1.42009321E-12
  0.609000027       1.46232299E-12
  0.612500012       1.62109844E-12
  0.615999997       1.88538529E-12
  0.619500041       2.23279099E-12
  0.623000026       2.63190988E-12
  0.626500010       3.04563124E-12
  0.629999995       3.43506105E-12
  0.633500040       3.76364391E-12
  0.637000024       4.00104472E-12
  0.640500009       4.12638630E-12
  0.643999994       4.13048372E-12
  0.647500038       4.01685152E-12
  0.651000023       3.80136070E-12
  0.654500008       3.51058592E-12
  0.657999992       3.17900871E-12
  0.661500037       2.84537845E-12
  0.665000021       2.54860564E-12
  0.668500006       2.32362827E-12
  0.672000051       2.19768886E-12
  0.675500035       2.18741626E-12
  0.679000020       2.29702693E-12
  0.682500005       2.51783793E-12
  0.686000049       2.82914967E-12
  0.689500034       3.20040609E-12
  0.693000019       3.59440862E-12
  0.696500003       3.97124477E-12
  0.700000048       4.29251903E-12
  0.703500032       4.52543211E-12
  0.707000017       4.64628466E-12
  0.710500002       4.64301774E-12
  0.714000046       4.51653428E-12
  0.717500031       4.28064008E-12
  0.721000016       3.96061916E-12
  0.724500000       3.59058378E-12
  0.728000045       3.20987854E-12
  0.731500030       2.85891623E-12
  0.735000014       2.57488735E-12
  0.738499999       2.38779721E-12
  0.742000043       2.31725229E-12
  0.745500028       2.37034220E-12
  0.749000013       2.54084254E-12
  0.752499998       2.80983006E-12
  0.756000042       3.14765011E-12
  0.759500027       3.51702977E-12
  0.763000011       3.87701243E-12
  0.766499996       4.18729851E-12
  0.770000041       4.41252850E-12
  0.773500025       4.52606268E-12
  0.777000010       4.51284106E-12
  0.780499995       4.37102958E-12
  0.784000039       4.11226218E-12
  0.787500024       3.76045592E-12
  0.791000009       3.34931518E-12
  0.794500053       2.91878522E-12
  0.798000038       2.51083290E-12
  0.801500022       2.16499214E-12
  0.805000007       1.91415460E-12
  0.808500051       1.78104862E-12
  0.812000036       1.77578568E-12
  0.815500021       1.89473741E-12
  0.819000006       2.12087010E-12
  0.822500050       2.42550446E-12
  0.826000035       2.77132093E-12
  0.829500020       3.11629520E-12
  0.833000004       3.41814966E-12
  0.836500049       3.63885007E-12
  0.840000033       3.74866848E-12
  0.843500018       3.72938182E-12
  0.847000003       3.57625713E-12
  0.850500047       3.29861464E-12
  0.854000032       2.91889581E-12
  0.857500017       2.47033557E-12
  0.861000001       1.99347526E-12
  0.864500046       1.53188367E-12
  0.868000031       1.12754142E-12
  0.871500015       8.16370463E-13
  0.875000000       6.24392194E-13
  0.878500044       5.64919856E-13
  0.882000029       6.37091129E-13
  0.885500014       8.25901793E-13
  0.888999999       1.10374307E-12
  0.892500043       1.43328676E-12
  0.896000028       1.77141635E-12
  0.899500012       2.07379123E-12
  0.903000057       2.29956223E-12
  0.906500041       2.41573580E-12
  0.910000026       2.40072350E-12
  0.913500011       2.24669458E-12
  0.917000055       1.96047497E-12
  0.920500040       1.56289272E-12
  0.924000025       1.08663057E-12
  0.927500010       5.72808185E-13
  0.931000054       6.66504273E-14
  0.934500039      -3.87300814E-13
  0.938000023      -7.49924374E-13
  0.941500008      -9.91703789E-13
  0.945000052      -1.09590852E-12
  0.948500037      -1.06043115E-12
  0.952000022      -8.98076643E-13
  0.955500007      -6.35267284E-13
  0.959000051      -3.09292007E-13
  0.962500036       3.56132563E-14
  0.966000021       3.52943992E-13
  0.969500005       5.98869478E-13
  0.973000050       7.36915520E-13
  0.976500034       7.41887237E-13
  0.980000019       6.02611602E-13
  0.983500004       3.23201779E-13
  0.987000048      -7.72989461E-14
  0.990500033      -5.66863397E-13
  0.994000018      -1.10381832E-12
  0.997500002      -1.64122578E-12
   1.00100005      -2.13184722E-12
   1.00450003      -2.53316465E-12
   1.00800002      -2.81192582E-12
   1.01150000      -2.94772778E-12
   1.01499999      -2.93524948E-12
   1.01850009      -2.78489319E-12
   1.02200007      -2.52175537E-12
   1.02550006      -2.18302676E-12
   1.02900004      -1.81409401E-12
   1.03250003      -1.46374547E-12
   1.03600001      -1.17899115E-12
   1.03950000      -1.00004293E-12
   1.04299998      -9.55991362E-13
   1.04650009      -1.06164318E-12
   1.05000007      -1.31586083E-12
   1.05350006      -1.70159178E-12
   1.05700004      -2.18759017E-12
   1.06050003      -2.73166060E-12
   1.06400001      -3.28508466E-12
   1.06750000      -3.79776722E-12
   1.07099998      -4.22355814E-12
   1.07450008      -4.52518318E-12
   1.07800007      -4.67826082E-12
   1.08150005      -4.67396564E-12
   1.08500004      -4.52005317E-12
   1.08850002      -4.24012648E-12
   1.09200001      -3.87120761E-12
   1.09549999      -3.45986889E-12
   1.09899998      -3.05732523E-12
   1.10250008      -2.71400133E-12
   1.10600007      -2.47415218E-12
   1.10950005      -2.37110917E-12
   1.11300004      -2.42365980E-12
   1.11650002      -2.63395620E-12
   1.12000000      -2.98718060E-12
   1.12349999      -3.45301847E-12
   1.12700009      -3.98878803E-12
   1.13050008      -4.54390909E-12
   1.13400006      -5.06523642E-12
   1.13750005      -5.50270463E-12
   1.14100003      -5.81467340E-12
   1.14450002      -5.97241440E-12
   1.14800000      -5.96324812E-12
   1.15149999      -5.79199059E-12
   1.15500009      -5.48054831E-12
   1.15850008      -5.06568832E-12
   1.16200006      -4.59521180E-12
   1.16550004      -4.12292769E-12
   1.16900003      -3.70295721E-12
   1.17250001      -3.38396325E-12
   1.17600000      -3.20392931E-12
   1.17949998      -3.18603867E-12
   1.18300009      -3.33610548E-12
   1.18650007      -3.64183857E-12
   1.19000006      -4.07402887E-12
   1.19350004      -4.58954836E-12
   1.19700003      -5.13585138E-12
   1.20050001      -5.65650781E-12
   1.20400000      -6.09719133E-12
   1.20749998      -6.41147769E-12
   1.21100008      -6.56584682E-12
   1.21450007      -6.54334052E-12
   1.21800005      -6.34548013E-12
   1.22150004      -5.99223102E-12
   1.22500002      -5.51999982E-12
   1.22850001      -4.97786491E-12
   1.23199999      -4.42243421E-12
   1.23550010      -3.91186172E-12
   1.23900008      -3.49965694E-12
   1.24250007      -3.22894988E-12
   1.24600005      -3.12781680E-12
   1.24950004      -3.20618011E-12
   1.25300002      -3.45462070E-12
   1.25650001      -3.84524140E-12
   1.25999999      -4.33450931E-12
   1.26350009      -4.86778109E-12
   1.26700008      -5.38505004E-12
   1.27050006      -5.82730305E-12
   1.27400005      -6.14282106E-12
   1.27750003      -6.29274757E-12
   1.28100002      -6.25532742E-12
   1.28450000      -6.02835403E-12
   1.28799999      -5.62955325E-12
   1.29150009      -5.09484252E-12
   1.29500008      -4.47463898E-12
   1.29850006      -3.82859543E-12
   1.30200005      -3.21930872E-12
   1.30550003      -2.70566946E-12
   1.30900002      -2.33655261E-12
   1.31250000      -2.14552941E-12
   1.31599998      -2.14717003E-12
   1.31950009      -2.33534177E-12
   1.32300007      -2.68370309E-12
   1.32650006      -3.14835549E-12
   1.33000004      -3.67238965E-12
   1.33350003      -4.19185346E-12
   1.33700001      -4.64252074E-12
   1.34050000      -4.96674360E-12
   1.34400010      -5.11965513E-12
   1.34750009      -5.07406573E-12
   1.35100007      -4.82350878E-12
   1.35450006      -4.38310369E-12
   1.35800004      -3.78812303E-12
   1.36150002      -3.09040011E-12
   1.36500001      -2.35293859E-12
   1.36849999      -1.64328685E-12
   1.37200010      -1.02637137E-12
   1.37550008      -5.57550588E-13
   1.37900007      -2.76629712E-13
   1.38250005      -2.03484270E-13
   1.38600004      -3.35772398E-13
   1.38950002      -6.48997457E-13
   1.39300001      -1.09893507E-12
   1.39649999      -1.62618584E-12
   1.40000010      -2.16238702E-12
   1.40350008      -2.63743476E-12
   1.40700006      -2.98695639E-12
   1.41050005      -3.15923654E-12
   1.41400003      -3.12085557E-12
   1.41750002      -2.86042500E-12
   1.42100000      -2.39000638E-12
   1.42449999      -1.74404100E-12
   1.42800009      -9.75880401E-13
   1.43150008      -1.52268538E-13
   1.43500006       6.53656437E-13
   1.43850005       1.37010715E-12
   1.44200003       1.93431967E-12
   1.44550002       2.29933390E-12
   1.44900000       2.43915066E-12
   1.45249999       2.35170087E-12
   1.45600009       2.05928612E-12
   1.45950007       1.60642365E-12
   1.46300006       1.05529875E-12
   1.46650004       4.79286587E-13
   1.47000003      -4.47825574E-14
   1.47350001      -4.44802181E-13
   1.47700000      -6.61143991E-13
   1.48050010      -6.53156023E-13
   1.48400009      -4.03698586E-13
   1.48750007       7.87854753E-14
   1.49100006       7.60911625E-13
   1.49450004       1.58766446E-12
   1.49800003       2.48805165E-12
   1.50150001       3.38252169E-12
   1.50500000       4.19137121E-12
   1.50850010       4.84325340E-12
   1.51200008       5.28288351E-12
   1.51550007       5.47710618E-12
   1.51900005       5.41866335E-12
   1.52250004       5.12723327E-12
   1.52600002       4.64760565E-12
   1.52950001       4.04515223E-12
   1.53299999       3.39905122E-12
   1.53650010       2.79396385E-12
   1.54000008       2.31103656E-12
   1.54350007       2.01917996E-12
   1.54700005       1.96756240E-12
   1.55050004       2.18013021E-12
   1.55400002       2.65276234E-12
   1.55750000       3.35339612E-12
   1.56099999       4.22513760E-12
   1.56450009       5.19206293E-12
   1.56800008       6.16711847E-12
   1.57150006       7.06129990E-12
   1.57500005       7.79314373E-12
   1.57850003       8.29752152E-12
   1.58200002       8.53279079E-12
   1.58550000       8.48551177E-12
   1.58900011       8.17221204E-12
   1.59250009       7.63795884E-12
   1.59600008       6.95186703E-12
   1.59950006       6.19998410E-12
   1.60300004       5.47627221E-12
   1.60650003       4.87264482E-12
   1.61000001       4.46909523E-12
   1.61350000       4.32498481E-12
   1.61700010       4.47242894E-12
   1.62050009       4.91252091E-12
   1.62400007       5.61482458E-12
   1.62750006       6.52023661E-12
   1.63100004       7.54695004E-12
   1.63450003       8.59892713E-12
   1.63800001       9.57599451E-12
   1.64150000       1.03845188E-11
   1.64500010       1.09475111E-11
   1.64850008       1.12130869E-11
   1.65200007       1.11603391E-11
   1.65550005       1.08019852E-11
   1.65900004       1.01834340E-11
   1.66250002       9.37834792E-12
   1.66600001       8.48112379E-12
   1.66949999       7.59704279E-12
   1.67300010       6.83113115E-12
   1.67650008       6.27688960E-12
   1.68000007       6.00611271E-12
   1.68350005       6.06088400E-12
   1.68700004       6.44865107E-12
   1.69050002       7.14093888E-12
   1.69400001       8.07589846E-12
   1.69750011       9.16446433E-12
   1.70100009       1.02995208E-11
   1.70450008       1.13671286E-11
   1.70800006       1.22586533E-11
   1.71150005       1.28824911E-11
   1.71500003       1.31741449E-11
   1.71850002       1.31035443E-11
   1.72200000       1.26787782E-11
   1.72550011       1.19457881E-11
   1.72900009       1.09840028E-11
   1.73250008       9.89831047E-12
   1.73600006       8.80817901E-12
   1.73950005       7.83504164E-12
   1.74300003       7.08928359E-12
   1.74650002       6.65820654E-12
   1.75000000       6.59628385E-12
   1.75350010       6.91878933E-12
   1.75700009       7.59953038E-12
   1.76050007       8.57299995E-12
   1.76400006       9.74078544E-12
   1.76750004       1.09816149E-11
   1.77100003       1.21640250E-11
   1.77450001       1.31603331E-11
   1.77800000       1.38604362E-11
   1.78150010       1.41839483E-11
   1.78500009       1.40893486E-11
   1.78850007       1.35791161E-11
   1.79200006       1.27002055E-11
   1.79550004       1.15397631E-11
   1.79900002       1.02164345E-11
   1.80250001       8.86813886E-12
   1.80600011       7.63754858E-12
   1.80950010       6.65680054E-12
   1.81300008       6.03306597E-12
   1.81650007       5.83654826E-12
   1.82000005       6.09224086E-12
   1.82350004       6.77640236E-12
   1.82700002       7.81821829E-12
   1.83050001       9.10656273E-12
   1.83400011       1.05012353E-11
   1.83750010       1.18475412E-11
   1.84100008       1.29927223E-11
   1.84450006       1.38024861E-11
   1.84800005       1.41758792E-11
   1.85150003       1.40568460E-11
   1.85500002       1.34411805E-11
   1.85850000       1.23780144E-11
   1.86200011       1.09655826E-11
   1.86550009       9.34159521E-12
   1.86900008       7.66914830E-12
   1.87250006       6.11960265E-12
   1.87600005       4.85420124E-12
   1.87950003       4.00639981E-12
   1.88300002       3.66682119E-12
   1.88650000       3.87251949E-12
   1.89000010       4.60180678E-12
   1.89350009       5.77532596E-12
   1.89700007       7.26339301E-12
   1.90050006       8.89895449E-12
   1.90400004       1.04948871E-11
   1.90750003       1.18638727E-11
   1.91100001       1.28387492E-11
   1.91450012       1.32911529E-11
   1.91800010       1.31463876E-11
   1.92150009       1.23928211E-11
   1.92500007       1.10846601E-11
   1.92850006       9.33763310E-12
   1.93200004       7.31788588E-12
   1.93550003       5.22511071E-12
   1.93900001       3.27160412E-12
   1.94250011       1.65942390E-12
   1.94600010       5.58070625E-13
   1.94950008       8.51433453E-14
   1.95300007       2.92145567E-13
   1.95650005       1.15712810E-12
   1.96000004       2.58515366E-12
   1.96350002       4.41674822E-12
   1.96700001       6.44363946E-12
   1.97050011       8.43026950E-12
   1.97400010       1.01389010E-11
   1.97750008       1.13556716E-11
   1.98100007       1.19147860E-11
   1.98450005       1.17181377E-11
   1.98800004       1.07480743E-11
   1.99150002       9.07170953E-12
   1.99500000       6.83603564E-12
   1.99850011       4.25409968E-12
   2.00200009       1.58346925E-12
   2.00550008      -9.00890311E-13
   2.00900006      -2.93651800E-12
   2.01250005      -4.30294602E-12
   2.01600003      -4.84750434E-12
   2.01950002      -4.50446971E-12
   2.02300000      -3.30521569E-12
   2.02649999      -1.37792241E-12
   2.02999997       1.06348708E-12
   2.03349996       3.74034831E-12
   2.03700018       6.33822335E-12
   2.04050016       8.54090670E-12
   2.04400015       1.00658752E-11
   2.04750013       1.06972729E-11
   2.05100012       1.03126448E-11
   2.05450010       8.90018875E-12
   2.05800009       6.56417325E-12
   2.06150007       3.51745261E-12
   2.06500006       6.13480214E-14
   2.06850004      -3.44536856E-12
   2.07200003      -6.62537256E-12
   2.07550001      -9.12552325E-12
   2.07900000      -1.06587855E-11
   2.08249998      -1.10405669E-11
   2.08599997      -1.02151291E-11
   2.08949995      -8.26867654E-12
   2.09300017      -5.42712316E-12
   2.09650016      -2.03825997E-12
   2.10000014       1.46010222E-12
   2.10350013       4.58262248E-12
   2.10700011       6.84462209E-12
   2.11050010       7.80996275E-12
   2.11400008       7.13213299E-12
   2.11750007       4.58231413E-12
   2.12100005       5.92502257E-14
   2.12450004      -6.42255346E-12
   2.12800002      -1.47674043E-11
   2.13150001      -2.48541639E-11
   2.13499999      -3.66086571E-11
   2.13849998      -5.00855572E-11
   2.14199996      -6.55503013E-11
   2.14550018      -8.35500003E-11
   2.14900017      -1.04962011E-10
   2.15250015      -1.31009162E-10
   2.15600014      -1.63232747E-10
   2.15950012      -2.03417297E-10
   2.16300011      -2.53465110E-10
   2.16650009      -3.15223320E-10
   2.17000008      -3.90271537E-10
   2.17350006      -4.79682405E-10
   2.17700005      -5.83772974E-10
   2.18050003      -7.01867009E-10
   2.18400002      -8.32091396E-10
   2.18750000      -9.71228653E-10
   2.19099998      -1.11464804E-09
   2.19449997      -1.25633126E-09
   2.19799995      -1.38900558E-09
   2.20150018      -1.50438884E-09
   2.20500016      -1.59354341E-09
   2.20850015      -1.64732616E-09
   2.21200013      -1.65691394E-09
   2.21550012      -1.61437741E-09
   2.21900010      -1.51326618E-09
   2.22250009      -1.34916922E-09
   2.22600007      -1.12020726E-09
   2.22950006      -8.27420410E-10
   2.23300004      -4.75015749E-10
   2.23650002      -7.04462252E-11
   2.24000001       3.75696169E-10
   2.24349999       8.49980031E-10
   2.24699998       1.33662093E-09
   2.25049996       1.81813664E-09
   2.25400019       2.27613883E-09
   2.25750017       2.69222156E-09
   2.26100016       3.04889558E-09
   2.26450014       3.33051386E-09
   2.26800013       3.52413299E-09
   2.27150011       3.62025454E-09
   2.27500010       3.61339891E-09
   2.27850008       3.50247276E-09
   2.28200006       3.29090399E-09
   2.28550005       2.98652791E-09
   2.28900003       2.60123323E-09
   2.29250002       2.15038054E-09
   2.29600000       1.65202929E-09
   2.29949999       1.12601684E-09
   2.30299997       5.92943639E-10
   2.30649996       7.31259983E-11
   2.31000018      -4.14421719E-10
   2.31350017      -8.52915572E-10
   2.31700015      -1.22858645E-09
   2.32050014      -1.53127666E-09
   2.32400012      -1.75481607E-09
   2.32750010      -1.89716065E-09
   2.33100009      -1.96029237E-09
   2.33450007      -1.94989003E-09
   2.33800006      -1.87480520E-09
   2.34150004      -1.74637405E-09
   2.34500003      -1.57762159E-09
   2.34850001      -1.38240630E-09
   2.35200000      -1.17456467E-09
   2.35549998      -9.67108615E-10
   2.35899997      -7.71522513E-10
   2.36250019      -5.97202621E-10
   2.36600018      -4.51064186E-10
   2.36950016      -3.37334716E-10
   2.37300014      -2.57534993E-10
   2.37650013      -2.10638340E-10
   2.38000011      -1.93386376E-10
   2.38350010      -2.00730210E-10
   2.38700008      -2.26358904E-10
   2.39050007      -2.63273237E-10
   2.39400005      -3.04361897E-10
   2.39750004      -3.42939455E-10
   2.40100002      -3.73210629E-10
   2.40450001      -3.90632998E-10
   2.40799999      -3.92158334E-10
   2.41149998      -3.76343900E-10
   2.41499996      -3.43334139E-10
   2.41850019      -2.94722857E-10
   2.42200017      -2.33314562E-10
   2.42550015      -1.62809280E-10
   2.42900014      -8.74401107E-11
   2.43250012      -1.15939636E-11
   2.43600011       6.05541728E-11
   2.43950009       1.25366217E-10
   2.44300008       1.80002485E-10
   2.44650006       2.22603158E-10
   2.45000005       2.52380339E-10
   2.45350003       2.69618411E-10
   2.45700002       2.75587803E-10
   2.46050000       2.72383671E-10
   2.46399999       2.62705635E-10
   2.46749997       2.49599258E-10
   2.47100019       2.36181075E-10
   2.47450018       2.25369584E-10
   2.47800016       2.19642693E-10
   2.48150015       2.20839624E-10
   2.48500013       2.30020711E-10
   2.48850012       2.47393245E-10
   2.49200010       2.72306983E-10
   2.49550009       3.03316400E-10
   2.49900007       3.38303080E-10
   2.50250006       3.74646231E-10
   2.50600004       4.09427270E-10
   2.50950003       4.39651676E-10
   2.51300001       4.62471311E-10
   2.51650000       4.75390616E-10
   2.51999998       4.76442441E-10
   2.52349997       4.64321415E-10
   2.52700019       4.38467124E-10
   2.53050017       3.99092592E-10
   2.53400016       3.47158163E-10
   2.53750014       2.84294643E-10
   2.54100013       2.12683066E-10
   2.54450011       1.34901437E-10
   2.54800010       5.37502959E-11
   2.55150008      -2.79291954E-11
   2.55500007      -1.07431834E-10
   2.55850005      -1.82346888E-10
   2.56200004      -2.50688137E-10
   2.56550002      -3.10987014E-10
   2.56900001      -3.62343960E-10
   2.57249999      -4.04435374E-10
   2.57599998      -4.37477776E-10
   2.57950020      -4.62153593E-10
   2.58300018      -4.79504769E-10
   2.58650017      -4.90804397E-10
   2.59000015      -4.97415942E-10
   2.59350014      -5.00651631E-10
   2.59700012      -5.01641617E-10
   2.60050011      -5.01222619E-10
   2.60400009      -4.99856212E-10
   2.60750008      -4.97581643E-10
   2.61100006      -4.94007835E-10
   2.61450005      -4.88344198E-10
   2.61800003      -4.79469409E-10
   2.62150002      -4.66031824E-10
   2.62500000      -4.46574999E-10
   2.62849998      -4.19679042E-10
   2.63199997      -3.84106552E-10
   2.63550019      -3.38942957E-10
   2.63900018      -2.83719825E-10
   2.64250016      -2.18511889E-10
   2.64600015      -1.43999312E-10
   2.64950013      -6.14896536E-11
   2.65300012       2.71032849E-11
   2.65650010       1.19324176E-10
   2.66000009       2.12281026E-10
   2.66350007       3.02784686E-10
   2.66700006       3.87514382E-10
   2.67050004       4.63199229E-10
   2.67400002       5.26804100E-10
   2.67750001       5.75707759E-10
   2.68099999       6.07861816E-10
   2.68449998       6.21919516E-10
   2.68800020       6.17326079E-10
   2.69150019       5.94364280E-10
   2.69500017       5.54151447E-10
   2.69850016       4.98588337E-10
   2.70200014       4.30262409E-10
   2.70550013       3.52311263E-10
   2.70900011       2.68255002E-10
   2.71250010       1.81807874E-10
   2.71600008       9.66806496E-11
   2.71950006       1.63860401E-11
   2.72300005      -5.59409186E-11
   2.72650003      -1.17697019E-10
   2.73000002      -1.66930580E-10
   2.73350000      -2.02420303E-10
   2.73699999      -2.23709440E-10
   2.74049997      -2.31094768E-10
   2.74400020      -2.25572200E-10
   2.74750018      -2.08744341E-10
   2.75100017      -1.82696760E-10
   2.75450015      -1.49852145E-10
   2.75800014      -1.12812287E-10
   2.76150012      -7.41980782E-11
   2.76500010      -3.64977007E-11
   2.76850009      -1.93180172E-12
   2.77200007       2.76568386E-11
   2.77550006       5.08838353E-11
   2.77900004       6.68707242E-11
   2.78250003       7.52587298E-11
   2.78600001       7.61901583E-11
   2.78950000       7.02609429E-11
   2.79299998       5.84493634E-11
   2.79649997       4.20272810E-11
   2.80000019       2.24606774E-11
   2.80350018       1.30667569E-12
   2.80700016      -1.98864033E-11
   2.81050014      -3.96700138E-11
   2.81400013      -5.67726907E-11
   2.81750011      -7.01603012E-11
   2.82100010      -7.90772517E-11
   2.82450008      -8.30682675E-11
   2.82800007      -8.19813453E-11
   2.83150005      -7.59539584E-11
   2.83500004      -6.53850238E-11
   2.83850002      -5.08959576E-11
   2.84200001      -3.32841775E-11
   2.84549999      -1.34724523E-11
   2.84899998       7.54288472E-12
   2.85250020       2.87421614E-11
   2.85600019       4.91290099E-11
   2.85950017       6.77719131E-11
   2.86300015       8.38396783E-11
   2.86650014       9.66303842E-11
   2.87000012       1.05593645E-10
   2.87350011       1.10346281E-10
   2.87700009       1.10681637E-10
   2.88050008       1.06572834E-10
   2.88400006       9.81700554E-11
   2.88750005       8.57922344E-11
   2.89100003       6.99130753E-11
   2.89450002       5.11417297E-11
   2.89800000       3.01982848E-11
   2.90149999       7.88457494E-12
   2.90499997      -1.49490559E-11
   2.90850019      -3.74399990E-11
   2.91200018      -5.87512886E-11
   2.91550016      -7.81095119E-11
   2.91900015      -9.48408158E-11
   2.92250013      -1.08402905E-10
   2.92600012      -1.18410975E-10
   2.92950010      -1.24655744E-10
   2.93300009      -1.27111863E-10
   2.93650007      -1.25935845E-10
   2.94000006      -1.21453000E-10
   2.94350004      -1.14133730E-10
   2.94700003      -1.04560388E-10
   2.95050001      -9.33865346E-11
   2.95400000      -8.12910850E-11
   2.95749998      -6.89305349E-11
   2.96100020      -5.68923936E-11
   2.96450019      -4.56533075E-11
   2.96800017      -3.55450114E-11
   2.97150016      -2.67306923E-11
   2.97500014      -1.91937976E-11
   2.97850013      -1.27403843E-11
   2.98200011      -7.01511462E-12
   2.98550010      -1.53005831E-12
   2.98900008       4.29552661E-12
   2.99250007       1.10870610E-11
   2.99600005       1.94614186E-11
   2.99950004       2.99722469E-11
   3.00300002       4.30575992E-11
   3.00650001       5.89934421E-11
   3.00999999       7.78562770E-11
   3.01349998       9.94973132E-11
   3.01700020       1.23530006E-10
   3.02050018       1.49331811E-10
   3.02400017       1.76059958E-10
   3.02750015       2.02680470E-10
   3.03100014       2.28008626E-10
   3.03450012       2.50758636E-10
   3.03800011       2.69599787E-10
   3.04150009       2.83216284E-10
   3.04500008       2.90368007E-10
   3.04850006       2.89949065E-10
   3.05200005       2.81042606E-10
   3.05550003       2.62969063E-10
   3.05900002       2.35326758E-10
   3.06250000       1.98023917E-10
   3.06599998       1.51300764E-10
   3.06950021       9.57418173E-11
   3.07300019       3.22776979E-11
   3.07650018      -3.78234527E-11
   3.08000016      -1.12975275E-10
   3.08350015      -1.91303126E-10
   3.08700013      -2.70684836E-10
   3.09050012      -3.48802098E-10
   3.09400010      -4.23202362E-10
   3.09750009      -4.91370500E-10
   3.10100007      -5.50809454E-10
   3.10450006      -5.99127636E-10
   3.10800004      -6.34131692E-10
   3.11150002      -6.53920806E-10
   3.11500001      -6.56978860E-10
   3.11849999      -6.42260967E-10
   3.12199998      -6.09268247E-10
   3.12550020      -5.58107505E-10
   3.12900019      -4.89529584E-10
   3.13250017      -4.04943634E-10
   3.13600016      -3.06402875E-10
   3.13950014      -1.96560504E-10
   3.14300013      -7.85950610E-11
   3.14650011       4.38933924E-11
   3.15000010       1.67013098E-10
   3.15350008       2.86731472E-10
   3.15700006       3.99040218E-10
   3.16050005       5.00126995E-10
   3.16400003       5.86544147E-10
   3.16750002       6.55366206E-10
   3.17100000       7.04325820E-10
   3.17449999       7.31921301E-10
   3.17800021       7.37487849E-10
   3.18150020       7.21228910E-10
   3.18500018       6.84203638E-10
   3.18850017       6.28272434E-10
   3.19200015       5.56001578E-10
   3.19550014       4.70533501E-10
   3.19900012       3.75429576E-10
   3.20250010       2.74494621E-10
   3.20600009       1.71593670E-10
   3.20950007       7.04712955E-11
   3.21300006      -2.54156522E-11
   3.21650004      -1.13042901E-10
   3.22000003      -1.89933402E-10
   3.22350001      -2.54236299E-10
   3.22700000      -3.04767073E-10
   3.23049998      -3.41008832E-10
   3.23400021      -3.63076708E-10
   3.23750019      -3.71650349E-10
   3.24100018      -3.67880865E-10
   3.24450016      -3.53280516E-10
   3.24800014      -3.29603594E-10
   3.25150013      -2.98727598E-10
   3.25500011      -2.62542571E-10
   3.25850010      -2.22855776E-10
   3.26200008      -1.81316448E-10
   3.26550007      -1.39364340E-10
   3.26900005      -9.82023213E-11
   3.27250004      -5.87922003E-11
   3.27600002      -2.18704447E-11
   3.27950001       1.20209624E-11
   3.28299999       4.24941263E-11
   3.28650022       6.92715815E-11
   3.29000020       9.21452567E-11
   3.29350019       1.10943366E-10
   3.29700017       1.25509131E-10
   3.30050015       1.35693734E-10
   3.30400014       1.41364018E-10
   3.30750012       1.42423726E-10
   3.31100011       1.38845199E-10
   3.31450009       1.30707209E-10
   3.31800008       1.18233701E-10
   3.32150006       1.01827609E-10
   3.32500005       8.20944701E-11
   3.32850003       5.98508812E-11
   3.33200002       3.61145003E-11
   3.33550000       1.20737283E-11
   3.33899999      -1.09627550E-11
   3.34250021      -3.16344971E-11
   3.34600019      -4.86117639E-11
   3.34950018      -6.06863379E-11
   3.35300016      -6.68637923E-11
   3.35650015      -6.64497554E-11
   3.36000013      -5.91225818E-11
   3.36350012      -4.49856055E-11
   3.36700010      -2.45933100E-11
   3.37050009       1.05250227E-12
   3.37400007       3.05382698E-11
   3.37750006       6.21052931E-11
   3.38100004       9.37444011E-11
   3.38450003       1.23313262E-10
   3.38800001       1.48669105E-10
   3.39150000       1.67808253E-10
   3.39500022       1.79002743E-10
   3.39850020       1.80924609E-10
   3.40200019       1.72748746E-10
   3.40550017       1.54226479E-10
   3.40900016       1.25724153E-10
   3.41250014       8.82229567E-11
   3.41600013       4.32792101E-11
   3.41950011      -7.05326856E-12
   3.42300010      -6.03341890E-11
   3.42650008      -1.13874632E-10
   3.43000007      -1.64892974E-10
   3.43350005      -2.10679127E-10
   3.43700004      -2.48756488E-10
   3.44050002      -2.77031287E-10
   3.44400001      -2.93919777E-10
   3.44749999      -2.98444908E-10
   3.45100021      -2.90296842E-10
   3.45450020      -2.69853084E-10
   3.45800018      -2.38157494E-10
   3.46150017      -1.96859487E-10
   3.46500015      -1.48117726E-10
   3.46850014      -9.44744075E-11
   3.47200012      -3.87083941E-11
   3.47550011       1.63236959E-11
   3.47900009       6.78484283E-11
   3.48250008       1.13328798E-10
   3.48600006       1.50600615E-10
   3.48950005       1.77984238E-10
   3.49300003       1.94365440E-10
   3.49650002       1.99241457E-10
   3.50000000       1.92730318E-10
   3.50350022       1.75544107E-10
   3.50700021       1.48928828E-10
   3.51050019       1.14575606E-10
   3.51400018       7.45096346E-11
   3.51750016       3.09641722E-11
   3.52100015      -1.37520542E-11
   3.52450013      -5.73859571E-11
   3.52800012      -9.78617812E-11
   3.53150010      -1.33386469E-10
   3.53500009      -1.62532945E-10
   3.53850007      -1.84297438E-10
   3.54200006      -1.98128319E-10
   3.54550004      -2.03926279E-10
   3.54900002      -2.02017139E-10
   3.55250001      -1.93100563E-10
   3.55599999      -1.78178944E-10
   3.55950022      -1.58472346E-10
   3.56300020      -1.35325431E-10
   3.56650019      -1.10113287E-10
   3.57000017      -8.41519840E-11
   3.57350016      -5.86199631E-11
   3.57700014      -3.44947369E-11
   3.58050013      -1.25085801E-11
   3.58400011       6.87491860E-12
   3.58750010       2.34627699E-11
   3.59100008       3.73140858E-11
   3.59450006       4.87035343E-11
   3.59800005       5.80704686E-11
   3.60150003       6.59582042E-11
   3.60500002       7.29486541E-11
   3.60850000       7.95976340E-11
   3.61200023       8.63759828E-11
   3.61550021       9.36210137E-11
   3.61900020       1.01502043E-10
   3.62250018       1.10002417E-10
   3.62600017       1.18919236E-10
   3.62950015       1.27880526E-10
   3.63300014       1.36378214E-10
   3.63650012       1.43813988E-10
   3.64000010       1.49554188E-10
   3.64350009       1.52989038E-10
   3.64700007       1.53591251E-10
   3.65050006       1.50969043E-10
   3.65400004       1.44909112E-10
   3.65750003       1.35405631E-10
   3.66100001       1.22672844E-10
   3.66450000       1.07139700E-10
   3.66800022       8.94268687E-11
   3.67150021       7.03073086E-11
   3.67500019       5.06536167E-11
   3.67850018       3.13758637E-11
   3.68200016       1.33548953E-11
   3.68550014      -2.62377620E-12
   3.68900013      -1.59300854E-11
   3.69250011      -2.61387145E-11
   3.69600010      -3.30633958E-11
   3.69950008      -3.67732476E-11
   3.70300007      -3.75894697E-11
   3.70650005      -3.60623163E-11
   3.71000004      -3.29297700E-11
   3.71350002      -2.90607885E-11
   3.71700001      -2.53873016E-11
   3.72050023      -2.28300052E-11
   3.72400022      -2.22235806E-11
   3.72750020      -2.42470610E-11
   3.73100019      -2.93647606E-11
   3.73450017      -3.77823745E-11
   3.73800015      -4.94217861E-11
   3.74150014      -6.39166775E-11
   3.74500012      -8.06295031E-11
   3.74850011      -9.86887030E-11
   3.75200009      -1.17043597E-10
   3.75550008      -1.34533037E-10
   3.75900006      -1.49962834E-10
   3.76250005      -1.62186348E-10
   3.76600003      -1.70182535E-10
   3.76950002      -1.73125819E-10
   3.77300000      -1.70442965E-10
   3.77650023      -1.61853128E-10
   3.78000021      -1.47388352E-10
   3.78350019      -1.27393693E-10
   3.78700018      -1.02507260E-10
   3.79050016      -7.36219558E-11
   3.79400015      -4.18323431E-11
   3.79750013      -8.37050221E-12
   3.80100012       2.54641880E-11
   3.80450010       5.83764564E-11
   3.80800009       8.91428181E-11
   3.81150007       1.16671228E-10
   3.81500006       1.40049236E-10
   3.81850004       1.58578178E-10
   3.82200003       1.71792316E-10
   3.82550001       1.79462681E-10
   3.82900023       1.81587093E-10
   3.83250022       1.78368154E-10
   3.83600020       1.70182382E-10
   3.83950019       1.57543506E-10
   3.84300017       1.41063480E-10
   3.84650016       1.21414420E-10
   3.85000014       9.92941354E-11
   3.85350013       7.53974938E-11
   3.85700011       5.03946364E-11
   3.86050010       2.49167145E-11
   3.86400008      -4.51456960E-13
   3.86750007      -2.51728777E-11
   3.87100005      -4.87556627E-11
   3.87450004      -7.07481226E-11
   3.87800002      -9.07336012E-11
   3.88150001      -1.08327014E-10
   3.88500023      -1.23174360E-10
   3.88850021      -1.34956241E-10
   3.89200020      -1.43395532E-10
   3.89550018      -1.48268800E-10
   3.89900017      -1.49420337E-10
   3.90250015      -1.46777340E-10
   3.90600014      -1.40364234E-10
   3.90950012      -1.30314357E-10
   3.91300011      -1.16876758E-10
   3.91650009      -1.00417008E-10
   3.92000008      -8.14106976E-11
   3.92350006      -6.04293282E-11
   3.92700005      -3.81190669E-11
   3.93050003      -1.51732515E-11
   3.93400002       7.69944438E-12
   3.93750024       2.98091447E-11
   3.94100022       5.05185650E-11
   3.94450021       6.92739408E-11
   3.94800019       8.56306692E-11
   3.95150018       9.92716048E-11
   3.95500016       1.10016621E-10
   3.95850015       1.17822696E-10
   3.96200013       1.22774624E-10
   3.96550012       1.25067331E-10
   3.96900010       1.24981234E-10
   3.97250009       1.22853089E-10
   3.97600007       1.19044760E-10
   3.97950006       1.13912706E-10
   3.98300004       1.07780743E-10
   3.98650002       1.00918537E-10
   3.99000001       9.35274011E-11
   3.99350023       8.57344959E-11
   3.99700022       7.75956868E-11
   4.00050020       6.91063665E-11
   4.00400019       6.02190450E-11
   4.00750017       5.08655583E-11
   4.01100016       4.09816035E-11
   4.01450014       3.05309389E-11
   4.01800013       1.95265974E-11
   4.02150011       8.04690082E-12
   4.02500010      -3.75559349E-12
   4.02850008      -1.56533241E-11
   4.03200006      -2.73514787E-11
   4.03550005      -3.85037939E-11
   4.03900003      -4.87351513E-11
   4.04250002      -5.76690466E-11
   4.04600000      -6.49574908E-11
   4.04949999      -7.03106739E-11
   4.05299997      -7.35236108E-11
   4.05649996      -7.44973250E-11
   4.05999994      -7.32523903E-11
   4.06349993      -6.99334826E-11
   4.06699991      -6.48042522E-11
   4.07049990      -5.82325924E-11
   4.07400036      -5.06673974E-11
   4.07750034      -4.26084550E-11
   4.08100033      -3.45718246E-11
   4.08450031      -2.70533995E-11
   4.08800030      -2.04935582E-11
   4.09150028      -1.52456867E-11
   4.09500027      -1.15510925E-11
   4.09850025      -9.52229701E-12
   4.10200024      -9.13597756E-12
   4.10550022      -1.02361149E-11
   4.10900021      -1.25470485E-11
   4.11250019      -1.56953547E-11
   4.11600018      -1.92388241E-11
   4.11950016      -2.27002323E-11
   4.12300014      -2.56033198E-11
   4.12650013      -2.75082266E-11
   4.13000011      -2.80437756E-11
   4.13350010      -2.69342691E-11
   4.13700008      -2.40189778E-11
   4.14050007      -1.92630703E-11
   4.14400005      -1.27594810E-11
   4.14750004      -4.72184965E-12
   4.15100002       4.53063628E-12
   4.15450001       1.45950977E-11
   4.15799999       2.50117080E-11
   4.16149998       3.52932163E-11
   4.16499996       4.49550813E-11
   4.16849995       5.35441032E-11
   4.17199993       6.06636755E-11
   4.17549992       6.59942170E-11
   4.17899990       6.93076360E-11
   4.18250036       7.04754588E-11
   4.18600035       6.94704086E-11
   4.18950033       6.63620686E-11
   4.19300032       6.13073550E-11
   4.19650030       5.45368993E-11
   4.20000029       4.63388147E-11
   4.20350027       3.70409779E-11
   4.20700026       2.69933069E-11
   4.21050024       1.65510279E-11
   4.21400023       6.05990995E-12
   4.21750021      -4.15599239E-12
   4.22100019      -1.38037316E-11
   4.22450018      -2.26280036E-11
   4.22800016      -3.04150316E-11
   4.23150015      -3.69942063E-11
   4.23500013      -4.22379944E-11
   4.23850012      -4.60606692E-11
   4.24200010      -4.84164167E-11
   4.24550009      -4.92971913E-11
   4.24900007      -4.87306827E-11
   4.25250006      -4.67785047E-11
   4.25600004      -4.35345995E-11
   4.25950003      -3.91237216E-11
   4.26300001      -3.36997374E-11
   4.26650000      -2.74434069E-11
   4.26999998      -2.05593858E-11
   4.27349997      -1.32721074E-11
   4.27699995      -5.82043051E-12
   4.28049994       1.54903174E-12
   4.28399992       8.58977906E-12
   4.28749990       1.50642328E-11
   4.29100037       2.07530763E-11
   4.29450035       2.54646148E-11
   4.29800034       2.90435575E-11
   4.30150032       3.13786011E-11
   4.30500031       3.24082497E-11
   4.30850029       3.21243414E-11
   4.31200027       3.05729470E-11
   4.31550026       2.78524287E-11
   4.31900024       2.41086300E-11
   4.32250023       1.95274560E-11
   4.32600021       1.43251478E-11
   4.32950020       8.73687667E-12
   4.33300018       3.00429950E-12
   4.33650017      -2.63714788E-12
   4.34000015      -7.97042120E-12
   4.34350014      -1.28077488E-11
   4.34700012      -1.69995476E-11
   4.35050011      -2.04408174E-11
   4.35400009      -2.30746464E-11
   4.35750008      -2.48926661E-11
   4.36100006      -2.59324420E-11
   4.36450005      -2.62720835E-11
   4.36800003      -2.60224637E-11
   4.37150002      -2.53176161E-11
   4.37500000      -2.43040275E-11
   4.37849998      -2.31295538E-11
   4.38199997      -2.19327334E-11
   4.38549995      -2.08332223E-11
   4.38899994      -1.99239982E-11
   4.39249992      -1.92658129E-11
   4.39599991      -1.88842466E-11
   4.39950037      -1.87694998E-11
   4.40300035      -1.88788776E-11
   4.40650034      -1.91417160E-11
   4.41000032      -1.94663348E-11
   4.41350031      -1.97484615E-11
   4.41700029      -1.98804445E-11
   4.42050028      -1.97605647E-11
   4.42400026      -1.93017043E-11
   4.42750025      -1.84387072E-11
   4.43100023      -1.71338915E-11
   4.43450022      -1.53802596E-11
   4.43800020      -1.32021867E-11
   4.44150019      -1.06535432E-11
   4.44500017      -7.81339663E-12
   4.44850016      -4.77966755E-12
   4.45200014      -1.66124775E-12
   4.45550013       1.43075948E-12
   4.45900011       4.39194731E-12
   4.46250010       7.13290321E-12
   4.46600008       9.58618428E-12
   4.46950006       1.17113454E-11
   4.47300005       1.34975564E-11
   4.47650003       1.49635321E-11
   4.48000002       1.61547269E-11
   4.48350000       1.71379629E-11
   4.48699999       1.79939102E-11
   4.49049997       1.88079968E-11
   4.49399996       1.96605301E-11
   4.49749994       2.06168450E-11
   4.50099993       2.17183719E-11
   4.50449991       2.29754410E-11
   4.50800037       2.43625294E-11
   4.51150036       2.58164930E-11
   4.51500034       2.72380590E-11
   4.51850033       2.84966373E-11
   4.52200031       2.94382088E-11
   4.52550030       2.98957976E-11
   4.52900028       2.97017931E-11
   4.53250027       2.87012688E-11
   4.53600025       2.67652463E-11
   4.53950024       2.38029284E-11
   4.54300022       1.97718959E-11
   4.54650021       1.46854924E-11
   4.55000019       8.61670197E-12
   4.55350018       1.69820245E-12
   4.55700016      -5.88152183E-12
   4.56050014      -1.38857953E-11
   4.56400013      -2.20406124E-11
   4.56750011      -3.00480474E-11
   4.57100010      -3.76012832E-11
   4.57450008      -4.44003168E-11
   4.57800007      -5.01672835E-11
   4.58150005      -5.46604359E-11
   4.58500004      -5.76859671E-11
   4.58850002      -5.91070179E-11
   4.59200001      -5.88494323E-11
   4.59549999      -5.69041481E-11
   4.59899998      -5.33261837E-11
   4.60249996      -4.82306590E-11
   4.60599995      -4.17862134E-11
   4.60949993      -3.42064814E-11
   4.61299992      -2.57402086E-11
   4.61650038      -1.66607665E-11
   4.62000036      -7.25552691E-12
   4.62350035       2.18432650E-12
   4.62700033       1.13732522E-11
   4.63050032       2.00398569E-11
   4.63400030       2.79343909E-11
   4.63750029       3.48352701E-11
   4.64100027       4.05547471E-11
   4.64450026       4.49438542E-11
   4.64800024       4.78967178E-11
   4.65150023       4.93543019E-11
   4.65500021       4.93074713E-11
   4.65850019       4.77992368E-11
   4.66200018       4.49258443E-11
   4.66550016       4.08363551E-11
   4.66900015       3.57302798E-11
   4.67250013       2.98528875E-11
   4.67600012       2.34878453E-11
   4.67950010       1.69470844E-11
   4.68300009       1.05578888E-11
   4.68650007       4.64759481E-12
   4.69000006      -4.73536846E-13
   4.69350004      -4.53037911E-12
   4.69700003      -7.30081794E-12
   4.70050001      -8.63216616E-12
   4.70400000      -8.45477507E-12
   4.70749998      -6.79151310E-12
   4.71099997      -3.76198768E-12
   4.71449995       4.19351023E-13
   4.71799994       5.45168424E-12
   4.72149992       1.09628556E-11
   4.72500038       1.65304177E-11
   4.72850037       2.17076322E-11
   4.73200035       2.60528543E-11
   4.73550034       2.91603894E-11
   4.73900032       3.06905924E-11
   4.74250031       3.03969280E-11
   4.74600029       2.81477567E-11
   4.74950027       2.39409412E-11
   4.75300026       1.79097293E-11
   4.75650024       1.03190867E-11
   4.76000023       1.55223826E-12
   4.76350021      -7.91199137E-12
   4.76700020      -1.75297242E-11
   4.77050018      -2.67284719E-11
   4.77400017      -3.49469446E-11
   4.77750015      -4.16753264E-11
   4.78100014      -4.64929900E-11
   4.78450012      -4.91006749E-11
   4.78800011      -4.93445701E-11
   4.79150009      -4.72302024E-11
   4.79500008      -4.29248720E-11
   4.79850006      -3.67481080E-11
   4.80200005      -2.91506680E-11
   4.80550003      -2.06834445E-11
   4.80900002      -1.19584117E-11
   4.81250000      -3.60450060E-12
   4.81599998       3.77834222E-12
   4.81949997       9.66345927E-12
   4.82299995       1.36367567E-11
   4.82649994       1.54279332E-11
   4.82999992       1.49312403E-11
   4.83350039       1.22141334E-11
   4.83700037       7.51312033E-12
   4.84050035       1.21707039E-12
   4.84400034      -6.16074899E-12
   4.84750032      -1.40198027E-11
   4.85100031      -2.17157733E-11
   4.85450029      -2.86071028E-11
   4.85800028      -3.41011004E-11
   4.86150026      -3.76961691E-11
   4.86500025      -3.90170500E-11
   4.86850023      -3.78405605E-11
   4.87200022      -3.41100481E-11
   4.87550020      -2.79377285E-11
   4.87900019      -1.95949264E-11
   4.88250017      -9.49128103E-12
   4.88600016       1.85531712E-12
   4.88950014       1.38555461E-11
   4.89300013       2.58893185E-11
   4.89650011       3.73471670E-11
   4.90000010       4.76692644E-11
   4.90350008       5.63793075E-11
   4.90700006       6.31109887E-11
   4.91050005       6.76254608E-11
   4.91400003       6.98189076E-11
   4.91750002       6.97202504E-11
   4.92100000       6.74797301E-11
   4.92449999       6.33497074E-11
   4.92799997       5.76597138E-11
   4.93149996       5.07880057E-11
   4.93499994       4.31320431E-11
   4.93849993       3.50802651E-11
   4.94200039       2.69872492E-11
   4.94550037       1.91539198E-11
   4.94900036       1.18139717E-11
   4.95250034       5.12701210E-12
   4.95600033      -8.21621579E-13
   4.95950031      -6.01499406E-12
   4.96300030      -1.04937491E-11
   4.96650028      -1.43417457E-11
   4.97000027      -1.76697702E-11
   4.97350025      -2.05989548E-11
   4.97700024      -2.32454195E-11
   4.98050022      -2.57073998E-11
   4.98400021      -2.80557712E-11
   4.98750019      -3.03284932E-11
   4.99100018      -3.25290489E-11
   4.99450016      -3.46285743E-11
   4.99800014      -3.65710899E-11
   5.00150013      -3.82809097E-11
   5.00500011      -3.96712593E-11
   5.00850010      -4.06530989E-11
   5.01200008      -4.11432277E-11
   5.01550007      -4.10708967E-11
   5.01900005      -4.03825064E-11
   5.02250004      -3.90441221E-11
   5.02600002      -3.70419077E-11
   5.02950001      -3.43807864E-11
   5.03299999      -3.10818454E-11
   5.03649998      -2.71791305E-11
   5.03999996      -2.27164173E-11
   5.04349995      -1.77446495E-11
   5.04699993      -1.23203964E-11
   5.05050039      -6.50565409E-12
   5.05400038      -3.68972051E-13
   5.05750036       6.01228919E-12
   5.06100035       1.25490096E-11
   5.06450033       1.91372578E-11
   5.06800032       2.56558177E-11
   5.07150030       3.19649862E-11
   5.07500029       3.79072503E-11
   5.07850027       4.33102894E-11
   5.08200026       4.79925093E-11
   5.08550024       5.17710493E-11
   5.08900023       5.44719096E-11
   5.09250021       5.59415361E-11
   5.09600019       5.60590324E-11
   5.09950018       5.47479145E-11
   5.10300016       5.19863319E-11
   5.10650015       4.78146620E-11
   5.11000013       4.23395763E-11
   5.11350012       3.57338083E-11
   5.11700010       2.82313027E-11
   5.12050009       2.01177408E-11
   5.12400007       1.17167543E-11
   5.12750006       3.37267302E-12
   5.13100004      -4.56913630E-12
   5.13450003      -1.17829756E-11
   5.13800001      -1.79830578E-11
   5.14150000      -2.29417475E-11
   5.14499998      -2.65043664E-11
   5.14849997      -2.85993260E-11
   5.15199995      -2.92427194E-11
   5.15549994      -2.85368517E-11
   5.15900040      -2.66626998E-11
   5.16250038      -2.38667454E-11
   5.16600037      -2.04430379E-11
   5.16950035      -1.67118038E-11
   5.17300034      -1.29961120E-11
   5.17650032      -9.59834729E-12
   5.18000031      -6.77826328E-12
   5.18350029      -4.73425509E-12
   5.18700027      -3.58930290E-12
   5.19050026      -3.38266459E-12
   5.19400024      -4.06797209E-12
   5.19750023      -5.51790991E-12
   5.20100021      -7.53513918E-12
   5.20450020      -9.86866838E-12
   5.20800018      -1.22344504E-11
   5.21150017      -1.43386509E-11
   5.21500015      -1.59018545E-11
   5.21850014      -1.66823604E-11
   5.22200012      -1.64968109E-11
   5.22550011      -1.52365863E-11
   5.22900009      -1.28786946E-11
   5.23250008      -9.49030091E-12
   5.23600006      -5.22651844E-12
   5.23950005      -3.21551406E-13
   5.24300003       4.92620788E-12
   5.24650002       1.01741020E-11
   5.25000000       1.50587477E-11
   5.25349998       1.92215306E-11
   5.25699997       2.23342612E-11
   5.26049995       2.41231393E-11
   5.26399994       2.43893794E-11
   5.26750040       2.30249569E-11
   5.27100039       2.00224091E-11
   5.27450037       1.54779262E-11
   5.27800035       9.58752088E-12
   5.28150034       2.63645074E-12
   5.28500032      -5.01735979E-12
   5.28850031      -1.29648497E-11
   5.29200029      -2.07708451E-11
   5.29550028      -2.80009193E-11
   5.29900026      -3.42483090E-11
   5.30250025      -3.91590961E-11
   5.30600023      -4.24539952E-11
   5.30950022      -4.39453404E-11
   5.31300020      -4.35481685E-11
   5.31650019      -4.12846979E-11
   5.32000017      -3.72819622E-11
   5.32350016      -3.17628354E-11
   5.32700014      -2.50310432E-11
   5.33050013      -1.74512800E-11
   5.33400011      -9.42573537E-12
   5.33750010      -1.36865692E-12
   5.34100008       6.31935129E-12
   5.34450006       1.32755994E-11
   5.34800005       1.91965471E-11
   5.35150003       2.38546544E-11
   5.35500002       2.71097953E-11
   5.35850000       2.89145565E-11
   5.36199999       2.93132185E-11
   5.36549997       2.84345863E-11
   5.36899996       2.64793083E-11
   5.37249994       2.37026700E-11
   5.37600040       2.03941846E-11
   5.37950039       1.68554285E-11
   5.38300037       1.33777668E-11
   5.38650036       1.02215285E-11
   5.39000034       7.59807928E-12
   5.39350033       5.65602079E-12
   5.39700031       4.47242373E-12
   5.40050030       4.04961611E-12
   5.40400028       4.31765561E-12
   5.40750027       5.14219006E-12
   5.41100025       6.33702379E-12
   5.41450024       7.68038671E-12
   5.41800022       8.93363508E-12
   5.42150021       9.86097228E-12
   5.42500019       1.02487081E-11
   5.42850018       9.92265818E-12
   5.43200016       8.76241267E-12
   5.43550014       6.71149768E-12
   5.43900013       3.78272110E-12
   5.44250011       5.84110261E-14
   5.44600010      -4.31441688E-12
   5.44950008      -9.13351512E-12
   5.45300007      -1.41547425E-11
   5.45650005      -1.91082549E-11
   5.46000004      -2.37163657E-11
   5.46350002      -2.77117652E-11
   5.46700001      -3.08548569E-11
   5.47049999      -3.29489908E-11
   5.47399998      -3.38526568E-11
   5.47749996      -3.34878514E-11
   5.48099995      -3.18442182E-11
   5.48449993      -2.89788298E-11
   5.48800039      -2.50117566E-11
   5.49150038      -2.01179646E-11
   5.49500036      -1.45161877E-11
   5.49850035      -8.45566499E-12
   5.50200033      -2.20171732E-12
   5.50550032       3.97885934E-12
   5.50900030       9.83164938E-12
   5.51250029       1.51269136E-11
   5.51600027       1.96696912E-11
   5.51950026       2.33072572E-11
   5.52300024       2.59337447E-11
   5.52650023       2.74919063E-11
   5.53000021       2.79722235E-11
   5.53350019       2.74097064E-11
   5.53700018       2.58788407E-11
   5.54050016       2.34872174E-11
   5.54400015       2.03683719E-11
   5.54750013       1.66743199E-11
   5.55100012       1.25682615E-11
   5.55450010       8.21773118E-12
   5.55800009       3.78847257E-12
   5.56150007      -5.60875727E-13
   5.56500006      -4.68324728E-12
   5.56850004      -8.44681703E-12
   5.57200003      -1.17379734E-11
   5.57550001      -1.44636967E-11
   5.57900000      -1.65534565E-11
   5.58249998      -1.79606833E-11
   5.58599997      -1.86638292E-11
   5.58949995      -1.86669881E-11
   5.59299994      -1.79999748E-11
   5.59650040      -1.67177296E-11
   5.60000038      -1.48989120E-11
   5.60350037      -1.26435511E-11
   5.60700035      -1.00696378E-11
   5.61050034      -7.30864154E-12
   5.61400032      -4.50000887E-12
   5.61750031      -1.78478575E-12
   5.62100029       7.01372445E-13
   5.62450027       2.83545127E-12
   5.62800026       4.51416812E-12
   5.63150024       5.66042786E-12
   5.63500023       6.22866776E-12
   5.63850021       6.20864124E-12
   5.64200020       5.62726558E-12
   5.64550018       4.54827495E-12
   5.64900017       3.06954679E-12
   5.65250015       1.31814666E-12
   5.65600014      -5.56707566E-13
   5.65950012      -2.39239531E-12
   5.66300011      -4.02284846E-12
   5.66650009      -5.28910162E-12
   5.67000008      -6.04975011E-12
   5.67350006      -6.19062917E-12
   5.67700005      -5.63304264E-12
   5.68050003      -4.33996979E-12
   5.68400002      -2.31980082E-12
   5.68750000       3.72689401E-13
   5.69099998       3.63822817E-12
   5.69449997       7.33770510E-12
   5.69799995       1.12993287E-11
   5.70149994       1.53278397E-11
   5.70500040       1.92152110E-11
   5.70850039       2.27521509E-11
   5.71200037       2.57397263E-11
   5.71550035       2.80003867E-11
   5.71900034       2.93877214E-11
   5.72250032       2.97944378E-11
   5.72600031       2.91580718E-11
   5.72950029       2.74641976E-11
   5.73300028       2.47470291E-11
   5.73650026       2.10874131E-11
   5.74000025       1.66084646E-11
   5.74350023       1.14691503E-11
   5.74700022       5.85626079E-12
   5.75050020      -2.47305347E-14
   5.75400019      -5.95939487E-12
   5.75750017      -1.17341215E-11
   5.76100016      -1.71454465E-11
   5.76450014      -2.20084940E-11
   5.76800013      -2.61641767E-11
   5.77150011      -2.94848763E-11
   5.77500010      -3.18784409E-11
   5.77850008      -3.32904225E-11
   5.78200006      -3.37045669E-11
   5.78550005      -3.31416526E-11
   5.78900003      -3.16568299E-11
   5.79250002      -2.93356832E-11
   5.79600000      -2.62892538E-11
   5.79949999      -2.26483120E-11
   5.80299997      -1.85571281E-11
   5.80649996      -1.41670573E-11
   5.80999994      -9.63018987E-12
   5.81350040      -5.09332810E-12
   5.81700039      -6.92524055E-13
   5.82050037       3.45163156E-12
   5.82400036       7.23778893E-12
   5.82750034       1.05865681E-11
   5.83100033       1.34421536E-11
   5.83450031       1.57727182E-11
   5.83800030       1.75696957E-11
   5.84150028       1.88459734E-11
   5.84500027       1.96331233E-11
   5.84850025       1.99778527E-11
   5.85200024       1.99378760E-11
   5.85550022       1.95774646E-11
   5.85900021       1.89629389E-11
   5.86250019       1.81583741E-11
   5.86600018       1.72217917E-11
   5.86950016       1.62020484E-11
   5.87300014       1.51366281E-11
   5.87650013       1.40504709E-11
   5.88000011       1.29558812E-11
   5.88350010       1.18535078E-11
   5.88700008       1.07343136E-11
   5.89050007       9.58234967E-12
   5.89400005       8.37812545E-12
   5.89750004       7.10229922E-12
   5.90100002       5.73937859E-12
   5.90450001       4.28114532E-12
   5.90799999       2.72950152E-12
   5.91149998       1.09850182E-12
   5.91499996      -5.84624688E-13
   5.91849995      -2.27957388E-12
   5.92200041      -3.93422144E-12
   5.92550039      -5.48697849E-12
   5.92900038      -6.87011472E-12
   5.93250036      -8.01383699E-12
   5.93600035      -8.85085061E-12
   5.93950033      -9.32110986E-12
   5.94300032      -9.37641024E-12
   5.94650030      -8.98452146E-12
   5.95000029      -8.13255539E-12
   5.95350027      -6.82932617E-12
   5.95700026      -5.10651590E-12
   5.96050024      -3.01853963E-12
   5.96400023      -6.41076059E-13
   5.96750021       1.93167791E-12
   5.97100019       4.59090405E-12
   5.97450018       7.21801134E-12
   5.97800016       9.69018615E-12
   5.98150015       1.18863469E-11
   5.98500013       1.36931976E-11
   5.98850012       1.50110549E-11
   5.99200010       1.57591405E-11
   5.99550009       1.58800750E-11
   5.99900007       1.53433048E-11
   6.00250006       1.41473031E-11
   6.00600004       1.23204086E-11
   6.00950003       9.92022089E-12
   6.01300001       7.03158538E-12
   6.01650000       3.76320633E-12
   6.01999998       2.43050128E-13
   6.02349997      -3.38728676E-12
   6.02699995      -6.97899117E-12
   6.03050041      -1.03829367E-11
   6.03400040      -1.34567539E-11
   6.03750038      -1.60717325E-11
   6.04100037      -1.81191954E-11
   6.04450035      -1.95160138E-11
   6.04800034      -2.02089647E-11
   6.05150032      -2.01776477E-11
   6.05500031      -1.94357776E-11
   6.05850029      -1.80307332E-11
   6.06200027      -1.60413089E-11
   6.06550026      -1.35737576E-11
   6.06900024      -1.07562709E-11
   6.07250023      -7.73217254E-12
   6.07600021      -4.65217144E-12
   6.07950020      -1.66608979E-12
   6.08300018       1.08544944E-12
   6.08650017       3.47889252E-12
   6.09000015       5.41468780E-12
   6.09350014       6.82284134E-12
   6.09700012       7.66671969E-12
   6.10050011       7.94482622E-12
   6.10400009       7.69040907E-12
   6.10750008       6.96887903E-12
   6.11100006       5.87318692E-12
   6.11450005       4.51742897E-12
   6.11800003       3.02908414E-12
   6.12150002       1.54039195E-12
   6.12500000       1.79439186E-13
   6.12849998      -9.38440189E-13
   6.13199997      -1.71836514E-12
   6.13549995      -2.09217648E-12
   6.13900042      -2.02284240E-12
   6.14250040      -1.50669364E-12
   6.14600039      -5.73343944E-13
   6.14950037       7.16693360E-13
   6.15300035       2.27650407E-12
   6.15650034       3.99905239E-12
   6.16000032       5.76477451E-12
   6.16350031       7.44993043E-12
   6.16700029       8.93510006E-12
   6.17050028       1.01132193E-11
   6.17400026       1.08965796E-11
   6.17750025       1.12223208E-11
   6.18100023       1.10560493E-11
   6.18450022       1.03933806E-11
   6.18800020       9.25936064E-12
   6.19150019       7.70588714E-12
   6.19500017       5.80739363E-12
   6.19850016       3.65520504E-12
   6.20200014       1.35103268E-12
   6.20550013      -9.99851352E-13
   6.20900011      -3.29522455E-12
   6.21250010      -5.44182538E-12
   6.21600008      -7.36015502E-12
   6.21950006      -8.98787121E-12
   6.22300005      -1.02816297E-11
   6.22650003      -1.12173352E-11
   6.23000002      -1.17889552E-11
   6.23350000      -1.20061192E-11
   6.23699999      -1.18908538E-11
   6.24049997      -1.14738609E-11
   6.24399996      -1.07907355E-11
   6.24750042      -9.87854416E-12
   6.25100040      -8.77307602E-12
   6.25450039      -7.50701497E-12
   6.25800037      -6.10917003E-12
   6.26150036      -4.60474671E-12
   6.26500034      -3.01655814E-12
   6.26850033      -1.36693499E-12
   6.27200031       3.19971155E-13
   6.27550030       2.01585450E-12
   6.27900028       3.68626570E-12
   6.28250027       5.28930936E-12
   6.28600025       6.77530861E-12
   6.28950024       8.08761565E-12
   6.29300022       9.16463606E-12
   6.29650021       9.94298567E-12
   6.30000019       1.03615996E-11
   6.30350018       1.03664638E-11
   6.30700016       9.91558311E-12
   6.31050014       8.98372349E-12
   6.31400013       7.56646221E-12
   6.31750011       5.68311630E-12
   6.32100010       3.37818835E-12
   6.32450008       7.21070176E-13
   6.32800007      -2.19609899E-12
   6.33150005      -5.26238428E-12
   6.33500004      -8.35361814E-12
   6.33850002      -1.13392360E-11
   6.34200001      -1.40899133E-11
   6.34549999      -1.64854710E-11
   6.34899998      -1.84224320E-11
   6.35249996      -1.98206850E-11
   6.35600042      -2.06286811E-11
   6.35950041      -2.08267743E-11
   6.36300039      -2.04283951E-11
   6.36650038      -1.94789272E-11
   6.37000036      -1.80523704E-11
   6.37350035      -1.62459785E-11
   6.37700033      -1.41732754E-11
   6.38050032      -1.19559944E-11
   6.38400030      -9.71549317E-12
   6.38750029      -7.56435366E-12
   6.39100027      -5.59875713E-12
   6.39450026      -3.89225024E-12
   6.39800024      -2.49133721E-12
   6.40150023      -1.41324908E-12
   6.40500021      -6.46021322E-13
   6.40850019      -1.50856039E-13
   6.41200018       1.33447615E-13
   6.41550016       2.84370644E-13
   6.41900015       3.88366341E-13
   6.42250013       5.32964135E-13
   6.42600012       7.98923102E-13
   6.42950010       1.25306102E-12
   6.43300009       1.94232477E-12
   6.43650007       2.88955990E-12
   6.44000006       4.09129414E-12
   6.44350004       5.51768570E-12
   6.44700003       7.11460925E-12
   6.45050001       8.80767854E-12
   6.45400000       1.05078576E-11
   6.45749998       1.21181893E-11
   6.46099997       1.35410780E-11
   6.46450043       1.46855497E-11
   6.46800041       1.54739156E-11
   6.47150040       1.58473061E-11
   6.47500038       1.57697102E-11
   6.47850037       1.52301938E-11
   6.48200035       1.42432108E-11
   6.48550034       1.28470290E-11
   6.48900032       1.11004756E-11
   6.49250031       9.07830235E-12
   6.49600029       6.86562265E-12
   6.49950027       4.55189098E-12
   6.50300026       2.22493660E-12
   6.50650024      -3.44649134E-14
   6.51000023      -2.15706554E-12
   6.51350021      -4.08835205E-12
   6.51700020      -5.79029142E-12
   6.52050018      -7.24156325E-12
   6.52400017      -8.43636359E-12
   6.52750015      -9.38199171E-12
   6.53100014      -1.00955347E-11
   6.53450012      -1.06000330E-11
   6.53800011      -1.09205483E-11
   6.54150009      -1.10805393E-11
   6.54500008      -1.10989195E-11
   6.54850006      -1.09880681E-11
   6.55200005      -1.07529862E-11
   6.55550003      -1.03916441E-11
   6.55900002      -9.89645345E-12
   6.56250000      -9.25668483E-12
   6.56599998      -8.46153009E-12
   6.56949997      -7.50347180E-12
   6.57300043      -6.38156195E-12
   6.57650042      -5.10421956E-12
   6.58000040      -3.69122181E-12
   6.58350039      -2.17460121E-12
   6.58700037      -5.98305097E-13
   6.59050035       9.83436314E-13
   6.59400034       2.50894292E-12
   6.59750032       3.91291253E-12
   6.60100031       5.13093344E-12
   6.60450029       6.10430023E-12
   6.60800028       6.78470301E-12
   6.61150026       7.13836282E-12
   6.61500025       7.14922696E-12
   6.61850023       6.82091319E-12
   6.62200022       6.17718376E-12
   6.62550020       5.26087984E-12
   6.62900019       4.13136105E-12
   6.63250017       2.86063772E-12
   6.63600016       1.52849684E-12
   6.63950014       2.17016306E-13
   6.64300013      -9.95085524E-13
   6.64650011      -2.03779918E-12
   6.65000010      -2.85443045E-12
   6.65350008      -3.40509218E-12
   6.65700006      -3.66880007E-12
   6.66050005      -3.64402345E-12
   6.66400003      -3.34767132E-12
   6.66750002      -2.81263836E-12
   6.67100000      -2.08415425E-12
   6.67449999      -1.21529306E-12
   6.67799997      -2.62058767E-13
   6.68150043       7.21493666E-13
   6.68500042       1.68766368E-12
   6.68850040       2.59864179E-12
   6.69200039       3.42887285E-12
   6.69550037       4.16605509E-12
   6.69900036       4.81071866E-12
   6.70250034       5.37445652E-12
   6.70600033       5.87701762E-12
   6.70950031       6.34257577E-12
   6.71300030       6.79556368E-12
   6.71650028       7.25650746E-12
   6.72000027       7.73829612E-12
   6.72350025       8.24326805E-12
   6.72700024       8.76144209E-12
   6.73050022       9.27008297E-12
   6.73400021       9.73468788E-12
   6.73750019       1.01113362E-11
   6.74100018       1.03502111E-11
   6.74450016       1.03999934E-11
   6.74800014       1.02127517E-11
   6.75150013       9.74887705E-12
   6.75500011       8.98162621E-12
   6.75850010       7.90085965E-12
   6.76200008       6.51561097E-12
   6.76550007       4.85524945E-12
   6.76900005       2.96909611E-12
   6.77250004       9.24489543E-13
   6.77600002      -1.19656412E-12
   6.77950001      -3.30192319E-12
   6.78299999      -5.29467876E-12
   6.78649998      -7.07896589E-12
   6.79000044      -8.56578090E-12
   6.79350042      -9.67839437E-12
   6.79700041      -1.03569748E-11
   6.80050039      -1.05621206E-11
   6.80400038      -1.02770943E-11
   6.80750036      -9.50865168E-12
   6.81100035      -8.28647654E-12
   6.81450033      -6.66132297E-12
   6.81800032      -4.70206426E-12
   6.82150030      -2.49190555E-12
   6.82500029      -1.24043435E-13
   6.82850027       2.30291480E-12
   6.83200026       4.68949879E-12
   6.83550024       6.93964504E-12
   6.83900023       8.96449494E-12
   6.84250021       1.06856104E-11
   6.84600019       1.20375229E-11
   6.84950018       1.29696375E-11
   6.85300016       1.34475079E-11
   6.85650015       1.34535620E-11
   6.86000013       1.29873421E-11
   6.86350012       1.20653435E-11
   6.86700010       1.07204861E-11
   6.87050009       9.00124593E-12
   6.87400007       6.97043118E-12
   6.87750006       4.70358041E-12
   6.88100004       2.28691415E-12
   6.88450003      -1.85192532E-13
   6.88800001      -2.61326030E-12
   6.89150000      -4.89626525E-12
   6.89499998      -6.93565951E-12
   6.89850044      -8.63973129E-12
   6.90200043      -9.92812690E-12
   6.90550041      -1.07362903E-11
   6.90900040      -1.10195394E-11
   6.91250038      -1.07564548E-11
   6.91600037      -9.95128285E-12
   6.91950035      -8.63506228E-12
   6.92300034      -6.86526400E-12
   6.92650032      -4.72382073E-12
   6.93000031      -2.31352546E-12
   6.93350029       2.47072409E-13
   6.93700027       2.83003655E-12
   6.94050026       5.30530958E-12
   6.94400024       7.54841328E-12
   6.94750023       9.44805605E-12
   6.95100021       1.09130890E-11
   6.95450020       1.18782883E-11
   6.95800018       1.23084928E-11
   6.96150017       1.22007396E-11
   6.96500015       1.15842006E-11
   6.96850014       1.05178704E-11
   6.97200012       9.08614156E-12
   6.97550011       7.39259435E-12
   6.97900009       5.55243395E-12
   6.98250008       3.68418360E-12
   6.98600006       1.90125021E-12
   6.98950005       3.04038939E-13
   6.99300003      -1.02677263E-12
   6.99650002      -2.03527603E-12
