      monx             mony
   0.00000000      -1.09593584E-11
   3.50000011E-03  -1.03681551E-11
   7.00000022E-03  -9.73185595E-12
   1.05000008E-02  -9.05323993E-12
   1.40000004E-02  -8.33526824E-12
   1.75000001E-02  -7.58107032E-12
   2.10000016E-02  -6.79393130E-12
   2.45000012E-02  -5.97727987E-12
   2.80000009E-02  -5.13467437E-12
   3.15000005E-02  -4.26978635E-12
   3.50000001E-02  -3.38638774E-12
   3.84999998E-02  -2.48833397E-12
   4.20000032E-02  -1.57954856E-12
   4.55000028E-02  -6.64006773E-13
   4.90000024E-02   2.54280592E-13
   5.25000021E-02   1.17128388E-12
   5.60000017E-02   2.08297138E-12
   5.95000014E-02   2.98532618E-12
   6.30000010E-02   3.87436220E-12
   6.65000007E-02   4.74614141E-12
   7.00000003E-02   5.59679083E-12
   7.34999999E-02   6.42251747E-12
   7.69999996E-02   7.21962507E-12
   8.04999992E-02   7.98452970E-12
   8.40000063E-02   8.71377363E-12
   8.75000060E-02   9.40404178E-12
   9.10000056E-02   1.00521761E-11
   9.45000052E-02   1.06551859E-11
   9.80000049E-02   1.12102636E-11
  0.101500005       1.17147949E-11
  0.105000004       1.21663738E-11
  0.108500004       1.25628067E-11
  0.112000003       1.29021273E-11
  0.115500003       1.31826043E-11
  0.119000003       1.34027468E-11
  0.122500002       1.35613135E-11
  0.126000002       1.36573183E-11
  0.129500002       1.36900335E-11
  0.133000001       1.36589932E-11
  0.136500001       1.35639989E-11
  0.140000001       1.34051190E-11
  0.143500000       1.31826884E-11
  0.147000000       1.28973091E-11
  0.150500000       1.25498466E-11
  0.153999999       1.21414311E-11
  0.157499999       1.16734495E-11
  0.160999998       1.11475412E-11
  0.164499998       1.05655935E-11
  0.168000013       9.92973238E-12
  0.171500012       9.24231611E-12
  0.175000012       8.50592600E-12
  0.178500012       7.72335581E-12
  0.182000011       6.89760011E-12
  0.185500011       6.03184386E-12
  0.189000010       5.12944895E-12
  0.192500010       4.19394207E-12
  0.196000010       3.22899888E-12
  0.199500009       2.23843036E-12
  0.203000009       1.22616739E-12
  0.206500009       1.96245296E-13
  0.210000008      -8.47213358E-13
  0.213500008      -1.90001465E-12
  0.217000008      -2.95791061E-12
  0.220500007      -4.01661647E-12
  0.224000007      -5.07182837E-12
  0.227500007      -6.11924053E-12
  0.231000006      -7.15456297E-12
  0.234500006      -8.17353910E-12
  0.238000005      -9.17196440E-12
  0.241500005      -1.01457020E-11
  0.245000005      -1.10906995E-11
  0.248500004      -1.20030097E-11
  0.252000004      -1.28788005E-11
  0.255500019      -1.37143786E-11
  0.259000003      -1.45061983E-11
  0.262500018      -1.52508787E-11
  0.266000003      -1.59452208E-11
  0.269500017      -1.65862185E-11
  0.273000002      -1.71710684E-11
  0.276500016      -1.76971857E-11
  0.280000001      -1.81622200E-11
  0.283500016      -1.85640513E-11
  0.287000000      -1.89008167E-11
  0.290500015      -1.91709027E-11
  0.294000000      -1.93729668E-11
  0.297500014      -1.95059316E-11
  0.300999999      -1.95689957E-11
  0.304500014      -1.95616388E-11
  0.307999998      -1.94836230E-11
  0.311500013      -1.93349919E-11
  0.314999998      -1.91160785E-11
  0.318500012      -1.88274934E-11
  0.321999997      -1.84701317E-11
  0.325500011      -1.80451730E-11
  0.328999996      -1.75540641E-11
  0.332500011      -1.69985259E-11
  0.336000025      -1.63805428E-11
  0.339500010      -1.57023543E-11
  0.343000025      -1.49664500E-11
  0.346500009      -1.41755574E-11
  0.350000024      -1.33326284E-11
  0.353500009      -1.24408357E-11
  0.357000023      -1.15035533E-11
  0.360500008      -1.05243470E-11
  0.364000022      -9.50695946E-12
  0.367500007      -8.45529549E-12
  0.371000022      -7.37340484E-12
  0.374500006      -6.26547035E-12
  0.378000021      -5.13578633E-12
  0.381500006      -3.98874380E-12
  0.385000020      -2.82881357E-12
  0.388500005      -1.66052643E-12
  0.392000020      -4.88455847E-13
  0.395500004       6.82800604E-13
  0.399000019       1.84864038E-12
  0.402500004       3.00447362E-12
  0.406000018       4.14574364E-12
  0.409500003       5.26794407E-12
  0.413000017       6.36663769E-12
  0.416500002       7.43747511E-12
  0.420000017       8.47621105E-12
  0.423500001       9.47872683E-12
  0.427000016       1.04410395E-11
  0.430500001       1.13593249E-11
  0.434000015       1.22299332E-11
  0.437500000       1.30493992E-11
  0.441000015       1.38144617E-11
  0.444499999       1.45220762E-11
  0.448000014       1.51694282E-11
  0.451500028       1.57539416E-11
  0.455000013       1.62732969E-11
  0.458500028       1.67254318E-11
  0.462000012       1.71085611E-11
  0.465500027       1.74211739E-11
  0.469000012       1.76620489E-11
  0.472500026       1.78302546E-11
  0.476000011       1.79251596E-11
  0.479500026       1.79464273E-11
  0.483000010       1.78940265E-11
  0.486500025       1.77682261E-11
  0.490000010       1.75696003E-11
  0.493500024       1.72990199E-11
  0.497000009       1.69576575E-11
  0.500500023       1.65469773E-11
  0.504000008       1.60687314E-11
  0.507499993       1.55249563E-11
  0.511000037       1.49179610E-11
  0.514500022       1.42503188E-11
  0.518000007       1.35248609E-11
  0.521499991       1.27446621E-11
  0.525000036       1.19130305E-11
  0.528500021       1.10334927E-11
  0.532000005       1.01097819E-11
  0.535499990       9.14582212E-12
  0.539000034       8.14571240E-12
  0.542500019       7.11370979E-12
  0.546000004       6.05421529E-12
  0.549499989       4.97175174E-12
  0.553000033       3.87094913E-12
  0.556500018       2.75652439E-12
  0.560000002       1.63326178E-12
  0.563500047       5.05994118E-13
  0.567000031      -6.20416912E-13
  0.570500016      -1.74110108E-12
  0.574000001      -2.85119953E-12
  0.577500045      -3.94588485E-12
  0.581000030      -5.02038038E-12
  0.584500015      -6.06998176E-12
  0.588000000      -7.09007462E-12
  0.591500044      -8.07615520E-12
  0.595000029      -9.02384677E-12
  0.598500013      -9.92892314E-12
  0.601999998      -1.07873207E-11
  0.605500042      -1.15951597E-11
  0.609000027      -1.23487583E-11
  0.612500012      -1.30446504E-11
  0.615999997      -1.36796000E-11
  0.619500041      -1.42506146E-11
  0.623000026      -1.47549577E-11
  0.626500010      -1.51901616E-11
  0.629999995      -1.55540424E-11
  0.633500040      -1.58447023E-11
  0.637000024      -1.60605453E-11
  0.640500009      -1.62002772E-11
  0.643999994      -1.62629250E-11
  0.647500038      -1.62478243E-11
  0.651000023      -1.61546384E-11
  0.654500008      -1.59833535E-11
  0.657999992      -1.57342802E-11
  0.661500037      -1.54080568E-11
  0.665000021      -1.50056443E-11
  0.668500006      -1.45283256E-11
  0.672000051      -1.39776983E-11
  0.675500035      -1.33556751E-11
  0.679000020      -1.26644710E-11
  0.682500005      -1.19066007E-11
  0.686000049      -1.10848639E-11
  0.689500034      -1.02023398E-11
  0.693000019      -9.26237212E-12
  0.696500003      -8.26856032E-12
  0.700000048      -7.22473947E-12
  0.703500032      -6.13497274E-12
  0.707000017      -5.00352971E-12
  0.710500002      -3.83487339E-12
  0.714000046      -2.63364135E-12
  0.717500031      -1.40462696E-12
  0.721000016      -1.52761132E-13
  0.724500000       1.11690735E-12
  0.728000045       2.39923207E-12
  0.731500030       3.68899009E-12
  0.735000014       4.98090284E-12
  0.738499999       6.26965580E-12
  0.742000043       7.54992336E-12
  0.745500028       8.81638772E-12
  0.749000013       1.00637606E-11
  0.752499998       1.12868083E-11
  0.756000042       1.24803692E-11
  0.759500027       1.36393761E-11
  0.763000011       1.47588799E-11
  0.766499996       1.58340650E-11
  0.770000041       1.68602771E-11
  0.773500025       1.78330354E-11
  0.777000010       1.87480535E-11
  0.780499995       1.96012633E-11
  0.784000039       2.03888226E-11
  0.787500024       2.11071386E-11
  0.791000009       2.17528825E-11
  0.794500053       2.23230046E-11
  0.798000038       2.28147432E-11
  0.801500022       2.32256436E-11
  0.805000007       2.35535636E-11
  0.808500051       2.37966868E-11
  0.812000036       2.39535319E-11
  0.815500021       2.40229555E-11
  0.819000006       2.40041650E-11
  0.822500050       2.38967162E-11
  0.826000035       2.37005207E-11
  0.829500020       2.34158509E-11
  0.833000004       2.30433277E-11
  0.836500049       2.25839365E-11
  0.840000033       2.20390130E-11
  0.843500018       2.14102382E-11
  0.847000003       2.06996451E-11
  0.850500047       1.99095965E-11
  0.854000032       1.90427899E-11
  0.857500017       1.81022385E-11
  0.861000001       1.70912642E-11
  0.864500046       1.60134874E-11
  0.868000031       1.48728113E-11
  0.871500015       1.36734053E-11
  0.875000000       1.24196911E-11
  0.878500044       1.11163275E-11
  0.882000029       9.76818973E-12
  0.885500014       8.38035284E-12
  0.888999999       6.95806954E-12
  0.892500043       5.50675217E-12
  0.896000028       4.03194969E-12
  0.899500012       2.53932617E-12
  0.903000057       1.03463874E-12
  0.906500041      -4.76285407E-13
  0.910000026      -1.98757287E-12
  0.913500011      -3.49332694E-12
  0.917000055      -4.98765178E-12
  0.920500040      -6.46467645E-12
  0.924000025      -7.91857812E-12
  0.927500010      -9.34360575E-12
  0.931000054      -1.07341054E-11
  0.934500039      -1.20845400E-11
  0.938000023      -1.33895178E-11
  0.941500008      -1.46438087E-11
  0.945000052      -1.58423691E-11
  0.948500037      -1.69803633E-11
  0.952000022      -1.80531839E-11
  0.955500007      -1.90564699E-11
  0.959000051      -1.99861256E-11
  0.962500036      -2.08383415E-11
  0.966000021      -2.16096065E-11
  0.969500005      -2.22967252E-11
  0.973000050      -2.28968320E-11
  0.976500034      -2.34074062E-11
  0.980000019      -2.38262795E-11
  0.983500004      -2.41516477E-11
  0.987000048      -2.43820814E-11
  0.990500033      -2.45165312E-11
  0.994000018      -2.45543377E-11
  0.997500002      -2.44952288E-11
   1.00100005      -2.43393257E-11
   1.00450003      -2.40871455E-11
   1.00800002      -2.37396023E-11
   1.01150000      -2.32979989E-11
   1.01499999      -2.27640268E-11
   1.01850009      -2.21397622E-11
   1.02200007      -2.14276600E-11
   1.02550006      -2.06305372E-11
   1.02900004      -1.97515754E-11
   1.03250003      -1.87943012E-11
   1.03600001      -1.77625727E-11
   1.03950000      -1.66605705E-11
   1.04299998      -1.54927789E-11
   1.04650009      -1.42639702E-11
   1.05000007      -1.29791846E-11
   1.05350006      -1.16437120E-11
   1.05700004      -1.02630725E-11
   1.06050003      -8.84299491E-12
   1.06400001      -7.38939205E-12
   1.06750000      -5.90834022E-12
   1.07099998      -4.40605451E-12
   1.07450008      -2.88886211E-12
   1.07800007      -1.36318040E-12
   1.08150005       1.64511566E-13
   1.08500004       1.68769762E-12
   1.08850002       3.19985141E-12
   1.09200001       4.69446270E-12
   1.09549999       6.16506412E-12
   1.09899998       7.60525844E-12
   1.10250008       9.00874254E-12
   1.10600007       1.03693365E-11
   1.10950005       1.16810095E-11
   1.11300004       1.29378999E-11
   1.11650002       1.41343473E-11
   1.12000000       1.52649126E-11
   1.12349999       1.63244002E-11
   1.12700009       1.73078843E-11
   1.13050008       1.82107263E-11
   1.13400006       1.90285981E-11
   1.13750005       1.97574995E-11
   1.14100003       2.03937769E-11
   1.14450002       2.09341433E-11
   1.14800000       2.13756842E-11
   1.15149999       2.17158826E-11
   1.15500009       2.19526272E-11
   1.15850008       2.20842181E-11
   1.16200006       2.21093838E-11
   1.16550004       2.20272862E-11
   1.16900003       2.18375214E-11
   1.17250001       2.15401325E-11
   1.17600000       2.11356054E-11
   1.17949998       2.06248716E-11
   1.18300009       2.00093067E-11
   1.18650007       1.92907287E-11
   1.19000006       1.84713911E-11
   1.19350004       1.75539756E-11
   1.19700003       1.65415875E-11
   1.20050001       1.54377448E-11
   1.20400000       1.42463619E-11
   1.20749998       1.29717400E-11
   1.21100008       1.16185542E-11
   1.21450007       1.01918300E-11
   1.21800005       8.69693206E-12
   1.22150004       7.13954026E-12
   1.22500002       5.52563073E-12
   1.22850001       3.86145239E-12
   1.23199999       2.15350372E-12
   1.23550010       4.08509272E-13
   1.23900008      -1.36660800E-12
   1.24250007      -3.16475210E-12
   1.24600005      -4.97868196E-12
   1.24950004      -6.80103890E-12
   1.25300002      -8.62437639E-12
   1.25650001      -1.04411904E-11
   1.25999999      -1.22439463E-11
   1.26350009      -1.40251118E-11
   1.26700008      -1.57771851E-11
   1.27050006      -1.74927278E-11
   1.27400005      -1.91643888E-11
   1.27750003      -2.07849467E-11
   1.28100002      -2.23473271E-11
   1.28450000      -2.38446363E-11
   1.28799999      -2.52701922E-11
   1.29150009      -2.66175502E-11
   1.29500008      -2.78805295E-11
   1.29850006      -2.90532477E-11
   1.30200005      -3.01301310E-11
   1.30550003      -3.11059511E-11
   1.30900002      -3.19758456E-11
   1.31250000      -3.27353353E-11
   1.31599998      -3.33803540E-11
   1.31950009      -3.39072589E-11
   1.32300007      -3.43128442E-11
   1.32650006      -3.45943725E-11
   1.33000004      -3.47495713E-11
   1.33350003      -3.47766607E-11
   1.33700001      -3.46743537E-11
   1.34050000      -3.44418626E-11
   1.34400010      -3.40789168E-11
   1.34750009      -3.35857557E-11
   1.35100007      -3.29631426E-11
   1.35450006      -3.22123543E-11
   1.35800004      -3.13351810E-11
   1.36150002      -3.03339298E-11
   1.36500001      -2.92114145E-11
   1.36849999      -2.79709519E-11
   1.37200010      -2.66163393E-11
   1.37550008      -2.51518615E-11
   1.37900007      -2.35822594E-11
   1.38250005      -2.19127303E-11
   1.38600004      -2.01488964E-11
   1.38950002      -1.82967964E-11
   1.39300001      -1.63628538E-11
   1.39649999      -1.43538671E-11
   1.40000010      -1.22769728E-11
   1.40350008      -1.01396296E-11
   1.40700006      -7.94958283E-12
   1.41050005      -5.71484223E-12
   1.41400003      -3.44364988E-12
   1.41750002      -1.14444749E-12
   1.42100000       1.17415279E-12
   1.42449999       3.50340286E-12
   1.42800009       5.83445141E-12
   1.43150008       8.15837849E-12
   1.43500006       1.04662312E-11
   1.43850005       1.27490544E-11
   1.44200003       1.49979335E-11
   1.44550002       1.72040229E-11
   1.44900000       1.93585859E-11
   1.45249999       2.14530251E-11
   1.45600009       2.34789254E-11
   1.45950007       2.54280763E-11
   1.46300006       2.72925189E-11
   1.46650004       2.90645702E-11
   1.47000003       3.07368575E-11
   1.47350001       3.23023483E-11
   1.47700000       3.37543916E-11
   1.48050010       3.50867217E-11
   1.48400009       3.62935168E-11
   1.48750007       3.73694027E-11
   1.49100006       3.83094771E-11
   1.49450004       3.91093581E-11
   1.49800003       3.97651669E-11
   1.50150001       4.02735796E-11
   1.50500000       4.06318278E-11
   1.50850010       4.08377152E-11
   1.51200008       4.08896320E-11
   1.51550007       4.07865720E-11
   1.51900005       4.05281295E-11
   1.52250004       4.01145159E-11
   1.52600002       3.95465535E-11
   1.52950001       3.88256892E-11
   1.53299999       3.79539802E-11
   1.53650010       3.69341051E-11
   1.54000008       3.57693458E-11
   1.54350007       3.44635848E-11
   1.54700005       3.30212940E-11
   1.55050004       3.14475286E-11
   1.55400002       2.97478986E-11
   1.55750000       2.79285570E-11
   1.56099999       2.59961896E-11
   1.56450009       2.39579814E-11
   1.56800008       2.18215931E-11
   1.57150006       1.95951432E-11
   1.57500005       1.72871734E-11
   1.57850003       1.49066228E-11
   1.58200002       1.24627930E-11
   1.58550000       9.96531590E-12
   1.58900011       7.42412208E-12
   1.59250009       4.84939996E-12
   1.59600008       2.25156135E-12
   1.59950006      -3.58796949E-13
   1.60300004      -2.97093405E-12
   1.60650003      -5.57400437E-12
   1.61000001      -8.15709913E-12
   1.61350000      -1.07092885E-11
   1.61700010      -1.32196632E-11
   1.62050009      -1.56773761E-11
   1.62400007      -1.80716848E-11
   1.62750006      -2.03919971E-11
   1.63100004      -2.26279117E-11
   1.63450003      -2.47692544E-11
   1.63800001      -2.68061268E-11
   1.64150000      -2.87289480E-11
   1.64500010      -3.05284825E-11
   1.64850008      -3.21958987E-11
   1.65200007      -3.37227815E-11
   1.65550005      -3.51011893E-11
   1.65900004      -3.63236871E-11
   1.66250002      -3.73833603E-11
   1.66600001      -3.82738737E-11
   1.66949999      -3.89894748E-11
   1.67300010      -3.95250464E-11
   1.67650008      -3.98761128E-11
   1.68000007      -4.00388681E-11
   1.68350005      -4.00102070E-11
   1.68700004      -3.97877321E-11
   1.69050002      -3.93697713E-11
   1.69400001      -3.87553913E-11
   1.69750011      -3.79444219E-11
   1.70100009      -3.69374427E-11
   1.70450008      -3.57358032E-11
   1.70800006      -3.43416233E-11
   1.71150005      -3.27577826E-11
   1.71500003      -3.09879344E-11
   1.71850002      -2.90364885E-11
   1.72200000      -2.69086038E-11
   1.72550011      -2.46101819E-11
   1.72900009      -2.21478426E-11
   1.73250008      -1.95289201E-11
   1.73600006      -1.67614291E-11
   1.73950005      -1.38540551E-11
   1.74300003      -1.08161188E-11
   1.74650002      -7.65755428E-12
   1.75000000      -4.38887772E-12
   1.75350010      -1.02115300E-12
   1.75700009       2.43404233E-12
   1.76050007       5.96465368E-12
   1.76400006       9.55818844E-12
   1.76750004       1.32017591E-11
   1.77100003       1.68821224E-11
   1.77450001       2.05857276E-11
   1.77800000       2.42987592E-11
   1.78150010       2.80071886E-11
   1.78500009       3.16968188E-11
   1.78850007       3.53533348E-11
   1.79200006       3.89623507E-11
   1.79550004       4.25094751E-11
   1.79900002       4.59803376E-11
   1.80250001       4.93606683E-11
   1.80600011       5.26363224E-11
   1.80950010       5.57933595E-11
   1.81300008       5.88180754E-11
   1.81650007       6.16970641E-11
   1.82000005       6.44172493E-11
   1.82350004       6.69659675E-11
   1.82700002       6.93309923E-11
   1.83050001       7.15005763E-11
   1.83400011       7.34635339E-11
   1.83750010       7.52092347E-11
   1.84100008       7.67276867E-11
   1.84450006       7.80095641E-11
   1.84800005       7.90462418E-11
   1.85150003       7.98298372E-11
   1.85500002       8.03532518E-11
   1.85850000       8.06101921E-11
   1.86200011       8.05952041E-11
   1.86550009       8.03036942E-11
   1.86900008       7.97319710E-11
   1.87250006       7.88772381E-11
   1.87600005       7.77376566E-11
   1.87950003       7.63123106E-11
   1.88300002       7.46012419E-11
   1.88650000       7.26054772E-11
   1.89000010       7.03269942E-11
   1.89350009       6.77687628E-11
   1.89700007       6.49347173E-11
   1.90050006       6.18297705E-11
   1.90400004       5.84597787E-11
   1.90750003       5.48315733E-11
   1.91100001       5.09529051E-11
   1.91450012       4.68324511E-11
   1.91800010       4.24797836E-11
   1.92150009       3.79053490E-11
   1.92500007       3.31204474E-11
   1.92850006       2.81371836E-11
   1.93200004       2.29684553E-11
   1.93550003       1.76279026E-11
   1.93900001       1.21298752E-11
   1.94250011       6.48939192E-12
   1.94600010       7.22090302E-13
   1.94950008      -5.15581371E-12
   1.95300007      -1.11275772E-11
   1.95650005      -1.71759794E-11
   1.96000004      -2.32833787E-11
   1.96350002      -2.94317591E-11
   1.96700001      -3.56027950E-11
   1.97050011      -4.17779006E-11
   1.97400010      -4.79382957E-11
   1.97750008      -5.40650615E-11
   1.98100007      -6.01391992E-11
   1.98450005      -6.61416963E-11
   1.98800004      -7.20535853E-11
   1.99150002      -7.78560064E-11
   1.99500000      -8.35302522E-11
   1.99850011      -8.90578791E-11
   2.00200009      -9.44206935E-11
   2.00550008      -9.96008831E-11
   2.00900006      -1.04581031E-10
   2.01250005      -1.09344186E-10
   2.01600003      -1.13873945E-10
   2.01950002      -1.18154472E-10
   2.02300000      -1.22170551E-10
   2.02649999      -1.25907673E-10
   2.02999997      -1.29352085E-10
   2.03349996      -1.32490782E-10
   2.03700018      -1.35311609E-10
   2.04050016      -1.37803310E-10
   2.04400015      -1.39955506E-10
   2.04750013      -1.41758813E-10
   2.05100012      -1.43204795E-10
   2.05450010      -1.44286069E-10
   2.05800009      -1.44996293E-10
   2.06150007      -1.45330192E-10
   2.06500006      -1.45283605E-10
   2.06850004      -1.44853490E-10
   2.07200003      -1.44037907E-10
   2.07550001      -1.42836076E-10
   2.07900000      -1.41248388E-10
   2.08249998      -1.39276354E-10
   2.08599997      -1.36922654E-10
   2.08949995      -1.34191144E-10
   2.09300017      -1.31086780E-10
   2.09650016      -1.27615682E-10
   2.10000014      -1.23785079E-10
   2.10350013      -1.19603313E-10
   2.10700011      -1.15079793E-10
   2.11050010      -1.10224989E-10
   2.11400008      -1.05050392E-10
   2.11750007      -9.95684993E-11
   2.12100005      -9.37927513E-11
   2.12450004      -8.77375256E-11
   2.12800002      -8.14180667E-11
   2.13150001      -7.48504661E-11
   2.13499999      -6.80515852E-11
   2.13849998      -6.10390488E-11
   2.14199996      -5.38311444E-11
   2.14550018      -4.64468082E-11
   2.14900017      -3.89055455E-11
   2.15250015      -3.12273818E-11
   2.15600014      -2.34327991E-11
   2.15950012      -1.55426765E-11
   2.16300011      -7.57822104E-12
   2.16650009       4.39084885E-13
   2.17000008       8.48755875E-12
   2.17350006       1.65453779E-11
   2.17700005       2.45906507E-11
   2.18050003       3.26014771E-11
   2.18400002       4.05560169E-11
   2.18750000       4.84325635E-11
   2.19099998       5.62095995E-11
   2.19449997       6.38658640E-11
   2.19799995       7.13804293E-11
   2.20150018       7.87327425E-11
   2.20500016       8.59027086E-11
   2.20850015       9.28707458E-11
   2.21200013       9.96178348E-11
   2.21550012       1.06125587E-10
   2.21900010       1.12376303E-10
   2.22250009       1.18353008E-10
   2.22600007       1.24039529E-10
   2.22950006       1.29420516E-10
   2.23300004       1.34481523E-10
   2.23650002       1.39208992E-10
   2.24000001       1.43590376E-10
   2.24349999       1.47614101E-10
   2.24699998       1.51269622E-10
   2.25049996       1.54547500E-10
   2.25400019       1.57439353E-10
   2.25750017       1.59937938E-10
   2.26100016       1.62037148E-10
   2.26450014       1.63732000E-10
   2.26800013       1.65018721E-10
   2.27150011       1.65894701E-10
   2.27500010       1.66358510E-10
   2.27850008       1.66409900E-10
   2.28200006       1.66049785E-10
   2.28550005       1.65280303E-10
   2.28900003       1.64104716E-10
   2.29250002       1.62527478E-10
   2.29600000       1.60554126E-10
   2.29949999       1.58191363E-10
   2.30299997       1.55446975E-10
   2.30649996       1.52329788E-10
   2.31000018       1.48849696E-10
   2.31350017       1.45017595E-10
   2.31700015       1.40845308E-10
   2.32050014       1.36345643E-10
   2.32400012       1.31532243E-10
   2.32750010       1.26419611E-10
   2.33100009       1.21023053E-10
   2.33450007       1.15358605E-10
   2.33800006       1.09442989E-10
   2.34150004       1.03293582E-10
   2.34500003       9.69283265E-11
   2.34850001       9.03657010E-11
   2.35200000       8.36246419E-11
   2.35549998       7.67245018E-11
   2.35899997       6.96849800E-11
   2.36250019       6.25260399E-11
   2.36600018       5.52678944E-11
   2.36950016       4.79309023E-11
   2.37300014       4.05355159E-11
   2.37650013       3.31022362E-11
   2.38000011       2.56515174E-11
   2.38350010       1.82037389E-11
   2.38700008       1.07791224E-11
   2.39050007       3.39767450E-12
   2.39400005      -3.92086537E-12
   2.39750004      -1.11570917E-11
   2.40100002      -1.82919842E-11
   2.40450001      -2.53069666E-11
   2.40799999      -3.21839604E-11
   2.41149998      -3.89054310E-11
   2.41499996      -4.54544492E-11
   2.41850019      -5.18147261E-11
   2.42200017      -5.79706665E-11
   2.42550015      -6.39074071E-11
   2.42900014      -6.96108587E-11
   2.43250012      -7.50677367E-11
   2.43600011      -8.02656205E-11
   2.43950009      -8.51929430E-11
   2.44300008      -8.98390529E-11
   2.44650006      -9.41942288E-11
   2.45000005      -9.82497070E-11
   2.45350003      -1.01997681E-10
   2.45700002      -1.05431344E-10
   2.46050000      -1.08544888E-10
   2.46399999      -1.11333505E-10
   2.46749997      -1.13793405E-10
   2.47100019      -1.15921814E-10
   2.47450018      -1.17716989E-10
   2.47800016      -1.19178153E-10
   2.48150015      -1.20305599E-10
   2.48500013      -1.21100546E-10
   2.48850012      -1.21565258E-10
   2.49200010      -1.21702884E-10
   2.49550009      -1.21517602E-10
   2.49900007      -1.21014448E-10
   2.50250006      -1.20199364E-10
   2.50600004      -1.19079177E-10
   2.50950003      -1.17661533E-10
   2.51300001      -1.15954892E-10
   2.51650000      -1.13968474E-10
   2.51999998      -1.11712223E-10
   2.52349997      -1.09196777E-10
   2.52700019      -1.06433425E-10
   2.53050017      -1.03434067E-10
   2.53400016      -1.00211138E-10
   2.53750014      -9.67776068E-11
   2.54100013      -9.31469138E-11
   2.54450011      -8.93328883E-11
   2.54800010      -8.53497481E-11
   2.55150008      -8.12120302E-11
   2.55500007      -7.69345282E-11
   2.55850005      -7.25322510E-11
   2.56200004      -6.80203810E-11
   2.56550002      -6.34142114E-11
   2.56900001      -5.87290910E-11
   2.57249999      -5.39803861E-11
   2.57599998      -4.91834178E-11
   2.57950020      -4.43534307E-11
   2.58300018      -3.95055204E-11
   2.58650017      -3.46546090E-11
   2.59000015      -2.98153759E-11
   2.59350014      -2.50022399E-11
   2.59700012      -2.02292870E-11
   2.60050011      -1.55102493E-11
   2.60400009      -1.08584574E-11
   2.60750008      -6.28679877E-12
   2.61100006      -1.80768714E-12
   2.61450005       2.56697506E-12
   2.61800003       6.82582853E-12
   2.62150002       1.09580860E-11
   2.62500000       1.49535610E-11
   2.62849998       1.88026920E-11
   2.63199997       2.24965654E-11
   2.63550019       2.60269358E-11
   2.63900018       2.93862469E-11
   2.64250016       3.25676361E-11
   2.64600015       3.55649572E-11
   2.64950013       3.83727911E-11
   2.65300012       4.09864399E-11
   2.65650010       4.34019487E-11
   2.66000009       4.56160873E-11
   2.66350007       4.76263716E-11
   2.66700006       4.94310391E-11
   2.67050004       5.10290595E-11
   2.67400002       5.24201169E-11
   2.67750001       5.36045999E-11
   2.68099999       5.45835911E-11
   2.68449998       5.53588494E-11
   2.68800020       5.59327931E-11
   2.69150019       5.63084822E-11
   2.69500017       5.64895838E-11
   2.69850016       5.64803759E-11
   2.70200014       5.62856914E-11
   2.70550013       5.59109044E-11
   2.70900011       5.53619095E-11
   2.71250010       5.46450767E-11
   2.71600008       5.37672268E-11
   2.71950006       5.27355971E-11
   2.72300005       5.15578136E-11
   2.72650003       5.02418454E-11
   2.73000002       4.87959777E-11
   2.73350000       4.72287730E-11
   2.73699999       4.55490402E-11
   2.74049997       4.37657827E-11
   2.74400020       4.18881770E-11
   2.74750018       3.99255282E-11
   2.75100017       3.78872350E-11
   2.75450015       3.57827587E-11
   2.75800014       3.36215673E-11
   2.76150012       3.14131256E-11
   2.76500010       2.91668391E-11
   2.76850009       2.68920337E-11
   2.77200007       2.45979140E-11
   2.77550006       2.22935316E-11
   2.77900004       1.99877562E-11
   2.78250003       1.76892442E-11
   2.78600001       1.54064105E-11
   2.78950000       1.31473972E-11
   2.79299998       1.09200548E-11
   2.79649997       8.73190843E-12
   2.80000019       6.59014466E-12
   2.80350018       4.50158270E-12
   2.80700016       2.47265880E-12
   2.81050014       5.09408596E-13
   2.81400013      -1.38254902E-12
   2.81750011      -3.19802583E-12
   2.82100010      -4.93227551E-12
   2.82450008      -6.58100310E-12
   2.82800007      -8.14037466E-12
   2.83150005      -9.60702004E-12
   2.83500004      -1.09780397E-11
   2.83850002      -1.22510040E-11
   2.84200001      -1.34239564E-11
   2.84549999      -1.44954066E-11
   2.84899998      -1.54643329E-11
   2.85250020      -1.63301681E-11
   2.85600019      -1.70928029E-11
   2.85950017      -1.77525668E-11
   2.86300015      -1.83102214E-11
   2.86650014      -1.87669481E-11
   2.87000012      -1.91243323E-11
   2.87350011      -1.93843500E-11
   2.87700009      -1.95493483E-11
   2.88050008      -1.96220297E-11
   2.88400006      -1.96054301E-11
   2.88750005      -1.95028993E-11
   2.89100003      -1.93180801E-11
   2.89450002      -1.90548861E-11
   2.89800000      -1.87174755E-11
   2.90149999      -1.83102318E-11
   2.90499997      -1.78377348E-11
   2.90850019      -1.73047392E-11
   2.91200018      -1.67161441E-11
   2.91550016      -1.60769748E-11
   2.91900015      -1.53923506E-11
   2.92250013      -1.46674617E-11
   2.92600012      -1.39075453E-11
   2.92950010      -1.31178549E-11
   2.93300009      -1.23036416E-11
   2.93650007      -1.14701243E-11
   2.94000006      -1.06224673E-11
   2.94350004      -9.76575851E-12
   2.94700003      -8.90498265E-12
   2.95050001      -8.04500216E-12
   2.95400000      -7.19053506E-12
   2.95749998      -6.34613499E-12
   2.96100020      -5.51617129E-12
   2.96450019      -4.70481076E-12
   2.96800017      -3.91600337E-12
   2.97150016      -3.15346230E-12
   2.97500014      -2.42065330E-12
   2.97850013      -1.72078009E-12
   2.98200011      -1.05677283E-12
   2.98550010      -4.31278440E-13
   2.98900008       1.53348566E-13
   2.99250007       6.95052902E-13
   2.99600005       1.19208430E-12
   2.99950004       1.64300182E-12
   3.00300002       2.04667598E-12
   3.00650001       2.40229039E-12
   3.00999999       2.70934121E-12
   3.01349998       2.96763504E-12
   3.01700020       3.17728569E-12
   3.02050018       3.33870952E-12
   3.02400017       3.45261862E-12
   3.02750015       3.52001392E-12
   3.03100014       3.54217523E-12
   3.03450012       3.52065252E-12
   3.03800011       3.45725293E-12
   3.04150009       3.35402886E-12
   3.04500008       3.21326451E-12
   3.04850006       3.03746026E-12
   3.05200005       2.82931838E-12
   3.05550003       2.59172501E-12
   3.05900002       2.32773349E-12
   3.06250000       2.04054655E-12
   3.06599998       1.73349692E-12
   3.06950021       1.41002899E-12
   3.07300019       1.07367858E-12
   3.07650018       7.28052926E-13
   3.08000016       3.76810860E-13
   3.08350015       2.36420889E-14
   3.08700013      -3.27753178E-13
   3.09050012      -6.73684632E-13
   3.09400010      -1.01049215E-12
   3.09750009      -1.33456603E-12
   3.10100007      -1.64236647E-12
   3.10450006      -1.93044322E-12
   3.10800004      -2.19545410E-12
   3.11150002      -2.43418393E-12
   3.11500001      -2.64356180E-12
   3.11849999      -2.82067750E-12
   3.12199998      -2.96279863E-12
   3.12550020      -3.06738489E-12
   3.12900019      -3.13210352E-12
   3.13250017      -3.15484075E-12
   3.13600016      -3.13371616E-12
   3.13950014      -3.06709194E-12
   3.14300013      -2.95358334E-12
   3.14650011      -2.79206801E-12
   3.15000010      -2.58169267E-12
   3.15350008      -2.32187945E-12
   3.15700006      -2.01233019E-12
   3.16050005      -1.65303123E-12
   3.16400003      -1.24425383E-12
   3.16750002      -7.86556150E-13
   3.17100000      -2.80782206E-13
   3.17449999       2.71940131E-13
   3.17800021       8.70202510E-13
   3.18150020       1.51232054E-12
   3.18500018       2.19634011E-12
   3.18850017       2.92004463E-12
   3.19200015       3.68096309E-12
   3.19550014       4.47638020E-12
   3.19900012       5.30334804E-12
   3.20250010       6.15869682E-12
   3.20600009       7.03904903E-12
   3.20950007       7.94083289E-12
   3.21300006       8.86029791E-12
   3.21650004       9.79353144E-12
   3.22000003       1.07364751E-11
   3.22350001       1.16849412E-11
   3.22700000       1.26346347E-11
   3.23049998       1.35811657E-11
   3.23400021       1.45200761E-11
   3.23750019       1.54468556E-11
   3.24100018       1.63569609E-11
   3.24450016       1.72458384E-11
   3.24800014       1.81089449E-11
   3.25150013       1.89417683E-11
   3.25500011       1.97398434E-11
   3.25850010       2.04987815E-11
   3.26200008       2.12142821E-11
   3.26550007       2.18821593E-11
   3.26900005       2.24983573E-11
   3.27250004       2.30589731E-11
   3.27600002       2.35602718E-11
   3.27950001       2.39987075E-11
   3.28299999       2.43709393E-11
   3.28650022       2.46738498E-11
   3.29000020       2.49045576E-11
   3.29350019       2.50604364E-11
   3.29700017       2.51391217E-11
   3.30050015       2.51385354E-11
   3.30400014       2.50568871E-11
   3.30750012       2.48926851E-11
   3.31100011       2.46447550E-11
   3.31450009       2.43122380E-11
   3.31800008       2.38946033E-11
   3.32150006       2.33916480E-11
   3.32500005       2.28035091E-11
   3.32850003       2.21306619E-11
   3.33200002       2.13739165E-11
   3.33550000       2.05344301E-11
   3.33899999       1.96136943E-11
   3.34250021       1.86135326E-11
   3.34600019       1.75361080E-11
   3.34950018       1.63839029E-11
   3.35300016       1.51597190E-11
   3.35650015       1.38666708E-11
   3.36000013       1.25081707E-11
   3.36350012       1.10879214E-11
   3.36700010       9.60990315E-12
   3.37050009       8.07836003E-12
   3.37400007       6.49778582E-12
   3.37750006       4.87290677E-12
   3.38100004       3.20866771E-12
   3.38450003       1.51021188E-12
   3.38800001      -2.17136367E-13
   3.39150000      -1.96789091E-12
   3.39500022      -3.73642480E-12
   3.39850020      -5.51698964E-12
   3.40200019      -7.30373834E-12
   3.40550017      -9.09074638E-12
   3.40900016      -1.08720333E-11
   3.41250014      -1.26415883E-11
   3.41600013      -1.43933875E-11
   3.41950011      -1.61214254E-11
   3.42300010      -1.78197266E-11
   3.42650008      -1.94823810E-11
   3.43000007      -2.11035581E-11
   3.43350005      -2.26775335E-11
   3.43700004      -2.41987073E-11
   3.44050002      -2.56616343E-11
   3.44400001      -2.70610357E-11
   3.44749999      -2.83918253E-11
   3.45100021      -2.96491338E-11
   3.45450020      -3.08283156E-11
   3.45800018      -3.19249800E-11
   3.46150017      -3.29350054E-11
   3.46500015      -3.38545546E-11
   3.46850014      -3.46800921E-11
   3.47200012      -3.54083880E-11
   3.47550011      -3.60365592E-11
   3.47900009      -3.65620451E-11
   3.48250008      -3.69826531E-11
   3.48600006      -3.72965443E-11
   3.48950005      -3.75022478E-11
   3.49300003      -3.75986811E-11
   3.49650002      -3.75851295E-11
   3.50000000      -3.74612771E-11
   3.50350022      -3.72271936E-11
   3.50700021      -3.68833401E-11
   3.51050019      -3.64305634E-11
   3.51400018      -3.58701020E-11
   3.51750016      -3.52035866E-11
   3.52100015      -3.44330120E-11
   3.52450013      -3.35607618E-11
   3.52800012      -3.25895803E-11
   3.53150010      -3.15225658E-11
   3.53500009      -3.03631668E-11
   3.53850007      -2.91151651E-11
   3.54200006      -2.77826633E-11
   3.54550004      -2.63700763E-11
   3.54900002      -2.48821016E-11
   3.55250001      -2.33237180E-11
   3.55599999      -2.17001590E-11
   3.55950022      -2.00168944E-11
   3.56300020      -1.82796157E-11
   3.56650019      -1.64942070E-11
   3.57000017      -1.46667366E-11
   3.57350016      -1.28034172E-11
   3.57700014      -1.09105997E-11
   3.58050013      -8.99473985E-12
   3.58400011      -7.06237933E-12
   3.58750010      -5.12011917E-12
   3.59100008      -3.17459622E-12
   3.59450006      -1.23245956E-12
   3.59800005       6.99655232E-13
   3.60150003       2.61515007E-12
   3.60500002       4.50748857E-12
   3.60850000       6.37022119E-12
   3.61200023       8.19700731E-12
   3.61550021       9.98164138E-12
   3.61900020       1.17180718E-11
   3.62250018       1.34004292E-11
   3.62600017       1.50230418E-11
   3.62950015       1.65804627E-11
   3.63300014       1.80674815E-11
   3.63650012       1.94791561E-11
   3.64000010       2.08108201E-11
   3.64350009       2.20581001E-11
   3.64700007       2.32169440E-11
   3.65050006       2.42836185E-11
   3.65400004       2.52547375E-11
   3.65750003       2.61272688E-11
   3.66100001       2.68985407E-11
   3.66450000       2.75662600E-11
   3.66800022       2.81285169E-11
   3.67150021       2.85837881E-11
   3.67500019       2.89309479E-11
   3.67850018       2.91692677E-11
   3.68200016       2.92984248E-11
   3.68550014       2.93184921E-11
   3.68900013       2.92299518E-11
   3.69250011       2.90336748E-11
   3.69600010       2.87309395E-11
   3.69950008       2.83234079E-11
   3.70300007       2.78131251E-11
   3.70650005       2.72025163E-11
   3.71000004       2.64943675E-11
   3.71350002       2.56918271E-11
   3.71700001       2.47983786E-11
   3.72050023       2.38178418E-11
   3.72400022       2.27543435E-11
   3.72750020       2.16123178E-11
   3.73100019       2.03964727E-11
   3.73450017       1.91117851E-11
   3.73800015       1.77634747E-11
   3.74150014       1.63569835E-11
   3.74500012       1.48979579E-11
   3.74850011       1.33922292E-11
   3.75200009       1.18457848E-11
   3.75550008       1.02647500E-11
   3.75900006       8.65536375E-12
   3.76250005       7.02395433E-12
   3.76600003       5.37691679E-12
   3.76950002       3.72068652E-12
   3.77300000       2.06171647E-12
   3.77650023       4.06451701E-13
   3.78000021      -1.23869415E-12
   3.78350019      -2.86736325E-12
   3.78700018      -4.47327808E-12
   3.79050016      -6.05026402E-12
   3.79400015      -7.59227403E-12
   3.79750013      -9.09340919E-12
   3.80100012      -1.05479436E-11
   3.80450010      -1.19503435E-11
   3.80800009      -1.32952876E-11
   3.81150007      -1.45776880E-11
   3.81500006      -1.57927109E-11
   3.81850004      -1.69357913E-11
   3.82200003      -1.80026480E-11
   3.82550001      -1.89893084E-11
   3.82900023      -1.98921088E-11
   3.83250022      -2.07077203E-11
   3.83600020      -2.14331591E-11
   3.83950019      -2.20657850E-11
   3.84300017      -2.26033289E-11
   3.84650016      -2.30438862E-11
   3.85000014      -2.33859286E-11
   3.85350013      -2.36283128E-11
   3.85700011      -2.37702774E-11
   3.86050010      -2.38114459E-11
   3.86400008      -2.37518321E-11
   3.86750007      -2.35918351E-11
   3.87100005      -2.33322407E-11
   3.87450004      -2.29742111E-11
   3.87800002      -2.25192833E-11
   3.88150001      -2.19693656E-11
   3.88500023      -2.13267234E-11
   3.88850021      -2.05939744E-11
   3.89200020      -1.97740747E-11
   3.89550018      -1.88703081E-11
   3.89900017      -1.78862723E-11
   3.90250015      -1.68258688E-11
   3.90600014      -1.56932765E-11
   3.90950012      -1.44929459E-11
   3.91300011      -1.32295772E-11
   3.91650009      -1.19080995E-11
   3.92000008      -1.05336564E-11
   3.92350006      -9.11158215E-12
   3.92700005      -7.64738099E-12
   3.93050003      -6.14670597E-12
   3.93400002      -4.61533979E-12
   3.93750024      -3.05916729E-12
   3.94100022      -1.48415709E-12
   3.94450021       1.03664405E-13
   3.94800019       1.69823454E-12
   3.95150018       3.29347834E-12
   3.95500016       4.88333159E-12
   3.95850015       6.46176428E-12
   3.96200013       8.02280378E-12
   3.96550012       9.56055721E-12
   3.96900010       1.10692323E-11
   3.97250009       1.25431636E-11
   3.97600007       1.39768284E-11
   3.97950006       1.53648708E-11
   3.98300004       1.67021241E-11
   3.98650002       1.79836233E-11
   3.99000001       1.92046275E-11
   3.99350023       2.03606385E-11
   3.99700022       2.14474185E-11
   4.00050020       2.24609983E-11
   4.00400019       2.33976987E-11
   4.00750017       2.42541456E-11
   4.01100016       2.50272702E-11
   4.01450014       2.57143334E-11
   4.01800013       2.63129310E-11
   4.02150011       2.68209951E-11
   4.02500010       2.72368100E-11
   4.02850008       2.75590124E-11
   4.03200006       2.77865994E-11
   4.03550005       2.79189276E-11
   4.03900003       2.79557176E-11
   4.04250002       2.78970475E-11
   4.04600000       2.77433614E-11
   4.04949999       2.74954590E-11
   4.05299997       2.71544922E-11
   4.05649996       2.67219632E-11
   4.05999994       2.61997143E-11
   4.06349993       2.55899191E-11
   4.06699991       2.48950756E-11
   4.07049990       2.41179958E-11
   4.07400036       2.32617883E-11
   4.07750034       2.23298532E-11
   4.08100033       2.13258612E-11
   4.08450031       2.02537414E-11
   4.08800030       1.91176658E-11
   4.09150028       1.79220319E-11
   4.09500027       1.66714455E-11
   4.09850025       1.53706960E-11
   4.10200024       1.40247484E-11
   4.10550022       1.26387147E-11
   4.10900021       1.12178366E-11
   4.11250019       9.76746375E-12
   4.11600018       8.29303553E-12
   4.11950016       6.80005531E-12
   4.12300014       5.29407160E-12
   4.12650013       3.78065634E-12
   4.13000011       2.26538233E-12
   4.13350010       7.53802240E-13
   4.13700008      -7.48573024E-13
   4.14050007      -2.23629557E-12
   4.14400005      -3.70400152E-12
   4.14750004      -5.14643146E-12
   4.15100002      -6.55844953E-12
   4.15450001      -7.93506493E-12
   4.15799999      -9.27144733E-12
   4.16149998      -1.05629498E-11
   4.16499996      -1.18051211E-11
   4.16849995      -1.29937259E-11
   4.17199993      -1.41247587E-11
   4.17549992      -1.51944568E-11
   4.17899990      -1.61993162E-11
   4.18250036      -1.71361068E-11
   4.18600035      -1.80018778E-11
   4.18950033      -1.87939699E-11
   4.19300032      -1.95100290E-11
   4.19650030      -2.01480031E-11
   4.20000029      -2.07061659E-11
   4.20350027      -2.11831039E-11
   4.20700026      -2.15777327E-11
   4.21050024      -2.18892959E-11
   4.21400023      -2.21173635E-11
   4.21750021      -2.22618365E-11
   4.22100019      -2.23229473E-11
   4.22450018      -2.23012494E-11
   4.22800016      -2.21976187E-11
   4.23150015      -2.20132506E-11
   4.23500013      -2.17496490E-11
   4.23850012      -2.14086214E-11
   4.24200010      -2.09922704E-11
   4.24550009      -2.05029813E-11
   4.24900007      -1.99434150E-11
   4.25250006      -1.93164928E-11
   4.25600004      -1.86253860E-11
   4.25950003      -1.78734978E-11
   4.26300001      -1.70644575E-11
   4.26650000      -1.62020918E-11
   4.26999998      -1.52904217E-11
   4.27349997      -1.43336341E-11
   4.27699995      -1.33360727E-11
   4.28049994      -1.23022157E-11
   4.28399992      -1.12366583E-11
   4.28749990      -1.01440922E-11
   4.29100037      -9.02928687E-12
   4.29450035      -7.89707102E-12
   4.29800034      -6.75231312E-12
   4.30150032      -5.59989858E-12
   4.30500031      -4.44471326E-12
   4.30850029      -3.29162045E-12
   4.31200027      -2.14544485E-12
   4.31550026      -1.01095000E-12
   4.31900024       1.07178535E-13
   4.32250023       1.20435346E-12
   4.32600021       2.27610313E-12
   4.32950020       3.31808908E-12
   4.33300018       4.32612409E-12
   4.33650017       5.29618710E-12
   4.34000015       6.22444023E-12
   4.34350014       7.10724318E-12
   4.34700012       7.94116682E-12
   4.35050011       8.72300669E-12
   4.35400009       9.44979598E-12
   4.35750008       1.01188146E-11
   4.36100006       1.07276002E-11
   4.36450005       1.12739601E-11
   4.36800003       1.17559729E-11
   4.37150002       1.21720013E-11
   4.37500000       1.25206946E-11
   4.37849998       1.28009938E-11
   4.38199997       1.30121339E-11
   4.38549995       1.31536492E-11
   4.38899994       1.32253670E-11
   4.39249992       1.32274174E-11
   4.39599991       1.31602203E-11
   4.39950037       1.30244921E-11
   4.40300035       1.28212354E-11
   4.40650034       1.25517366E-11
   4.41000032       1.22175603E-11
   4.41350031       1.18205376E-11
   4.41700029       1.13627632E-11
   4.42050028       1.08465814E-11
   4.42400026       1.02745763E-11
   4.42750025       9.64956327E-12
   4.43100023       8.97457195E-12
   4.43450022       8.25283591E-12
   4.43800020       7.48777863E-12
   4.44150019       6.68299660E-12
   4.44500017       5.84224552E-12
   4.44850016       4.96942288E-12
   4.45200014       4.06855322E-12
   4.45550013       3.14376845E-12
   4.45900011       2.19929283E-12
   4.46250010       1.23942274E-12
   4.46600008       2.68510420E-13
   4.46950006      -7.09055427E-13
   4.47300005      -1.68886758E-12
   4.47650003      -2.66651913E-12
   4.48000002      -3.63762167E-12
   4.48350000      -4.59782299E-12
   4.48699999      -5.54282705E-12
   4.49049997      -6.46840914E-12
   4.49399996      -7.37043499E-12
   4.49749994      -8.24487961E-12
   4.50099993      -9.08783812E-12
   4.50449991      -9.89554879E-12
   4.50800037      -1.06644043E-11
   4.51150036      -1.13909663E-11
   4.51500034      -1.20719823E-11
   4.51850033      -1.27043957E-11
   4.52200031      -1.32853615E-11
   4.52550030      -1.38122534E-11
   4.52900028      -1.42826801E-11
   4.53250027      -1.46944887E-11
   4.53600025      -1.50457789E-11
   4.53950024      -1.53349052E-11
   4.54300022      -1.55604904E-11
   4.54650021      -1.57214242E-11
   4.55000019      -1.58168669E-11
   4.55350018      -1.58462618E-11
   4.55700016      -1.58093278E-11
   4.56050014      -1.57060632E-11
   4.56400013      -1.55367438E-11
   4.56750011      -1.53019281E-11
   4.57100010      -1.50024472E-11
   4.57450008      -1.46394008E-11
   4.57800007      -1.42141611E-11
   4.58150005      -1.37283544E-11
   4.58500004      -1.31838646E-11
   4.58850002      -1.25828202E-11
   4.59200001      -1.19275857E-11
   4.59549999      -1.12207526E-11
   4.59899998      -1.04651279E-11
   4.60249996      -9.66372034E-12
   4.60599995      -8.81973227E-12
   4.60949993      -7.93654205E-12
   4.61299992      -7.01769242E-12
   4.61650038      -6.06687357E-12
   4.62000036      -5.08790969E-12
   4.62350035      -4.08474339E-12
   4.62700033      -3.06141679E-12
   4.63050032      -2.02205700E-12
   4.63400030      -9.70858376E-13
   4.63750029       8.79349965E-14
   4.64100027       1.15004664E-12
   4.64450026       2.21118566E-12
   4.64800024       3.26706349E-12
   4.65150023       4.31341334E-12
   4.65500021       5.34600576E-12
   4.65850019       6.36066677E-12
   4.66200018       7.35329679E-12
   4.66550016       8.31988384E-12
   4.66900015       9.25652350E-12
   4.67250013       1.01594323E-11
   4.67600012       1.10249648E-11
   4.67950010       1.18496289E-11
   4.68300009       1.26300975E-11
   4.68650007       1.33632263E-11
   4.69000006       1.40460612E-11
   4.69350004       1.46758560E-11
   4.69700003       1.52500772E-11
   4.70050001       1.57664246E-11
   4.70400000       1.62228269E-11
   4.70749998       1.66174609E-11
   4.71099997       1.69487549E-11
   4.71449995       1.72153958E-11
   4.71799994       1.74163323E-11
   4.72149992       1.75507803E-11
   4.72500038       1.76182315E-11
   4.72850037       1.76184432E-11
   4.73200035       1.75514516E-11
   4.73550034       1.74175639E-11
   4.73900032       1.72173612E-11
   4.74250031       1.69516918E-11
   4.74600029       1.66216711E-11
   4.74950027       1.62286799E-11
   4.75300026       1.57743471E-11
   4.75650024       1.52605567E-11
   4.76000023       1.46894320E-11
   4.76350021       1.40633295E-11
   4.76700020       1.33848262E-11
   4.77050018       1.26567151E-11
   4.77400017       1.18819867E-11
   4.77750015       1.10638235E-11
   4.78100014       1.02055803E-11
   4.78450012       9.31077524E-12
   4.78800011       8.38307635E-12
   4.79150009       7.42627921E-12
   4.79500008       6.44430212E-12
   4.79850006       5.44116098E-12
   4.80200005       4.42095666E-12
   4.80550003       3.38786009E-12
   4.80900002       2.34609164E-12
   4.81250000       1.29990636E-12
   4.81599998       2.53575779E-13
   4.81949997      -7.88629090E-13
   4.82299995      -1.82245538E-12
   4.82649994      -2.84368536E-12
   4.82999992      -3.84815400E-12
   4.83350039      -4.83176520E-12
   4.83700037      -5.79050913E-12
   4.84050035      -6.72047791E-12
   4.84400034      -7.61788202E-12
   4.84750032      -8.47906467E-12
   4.85100031      -9.30051695E-12
   4.85450029      -1.00788943E-11
   4.85800028      -1.08110257E-11
   4.86150026      -1.14939299E-11
   4.86500025      -1.21248272E-11
   4.86850023      -1.27011483E-11
   4.87200022      -1.32205462E-11
   4.87550020      -1.36809080E-11
   4.87900019      -1.40803593E-11
   4.88250017      -1.44172729E-11
   4.88600016      -1.46902768E-11
   4.88950014      -1.48982614E-11
   4.89300013      -1.50403787E-11
   4.89650011      -1.51160456E-11
   4.90000010      -1.51249568E-11
   4.90350008      -1.50670726E-11
   4.90700006      -1.49426253E-11
   4.91050005      -1.47521197E-11
   4.91400003      -1.44963277E-11
   4.91750002      -1.41762860E-11
   4.92100000      -1.37932920E-11
   4.92449999      -1.33489010E-11
   4.92799997      -1.28449152E-11
   4.93149996      -1.22833800E-11
   4.93499994      -1.16665748E-11
   4.93849993      -1.09970028E-11
   4.94200039      -1.02773831E-11
   4.94550037      -9.51063707E-12
   4.94900036      -8.69987676E-12
   4.95250034      -7.84839641E-12
   4.95600033      -6.95965247E-12
   4.95950031      -6.03725576E-12
   4.96300030      -5.08495329E-12
   4.96650028      -4.10661522E-12
   4.97000027      -3.10621646E-12
   4.97350025      -2.08782449E-12
   4.97700024      -1.05557999E-12
   4.98050022      -1.36811788E-14
   4.98400021       1.03363281E-12
   4.98750019       2.08209947E-12
   4.99100018       3.12744925E-12
   4.99450016       4.16542452E-12
   4.99800014       5.19179361E-12
   5.00150013       6.20237152E-12
   5.00500011       7.19303393E-12
   5.00850010       8.15973417E-12
   5.01200008       9.09852055E-12
   5.01550007       1.00055511E-11
   5.01900005       1.08771108E-11
   5.02250004       1.17096229E-11
   5.02600002       1.24996671E-11
   5.02950001       1.32439910E-11
   5.03299999       1.39395223E-11
   5.03649998       1.45833848E-11
   5.03999996       1.51729081E-11
   5.04349995       1.57056312E-11
   5.04699993       1.61793270E-11
   5.05050039       1.65919986E-11
   5.05400038       1.69418923E-11
   5.05750036       1.72275007E-11
   5.06100035       1.74475781E-11
   5.06450033       1.76011324E-11
   5.06800032       1.76874418E-11
   5.07150030       1.77060450E-11
   5.07500029       1.76567545E-11
   5.07850027       1.75396503E-11
   5.08200026       1.73550792E-11
   5.08550024       1.71036588E-11
   5.08900023       1.67862703E-11
   5.09250021       1.64040552E-11
   5.09600019       1.59584134E-11
   5.09950018       1.54509929E-11
   5.10300016       1.48836880E-11
   5.10650015       1.42586307E-11
   5.11000013       1.35781776E-11
   5.11350012       1.28449057E-11
   5.11700010       1.20616009E-11
   5.12050009       1.12312442E-11
   5.12400007       1.03570017E-11
   5.12750006       9.44221264E-12
   5.13100004       8.49037507E-12
   5.13450003       7.50513107E-12
   5.13800001       6.49025321E-12
   5.14150000       5.44962816E-12
   5.14499998       4.38724447E-12
   5.14849997       3.30717181E-12
   5.15199995       2.21354901E-12
   5.15549994       1.11056498E-12
   5.15900040       2.44289702E-15
   5.16250038      -1.10657664E-12
   5.16600037      -2.21225252E-12
   5.16950035      -3.31035980E-12
   5.17300034      -4.39670696E-12
   5.17650032      -5.46715234E-12
   5.18000031      -6.51762021E-12
   5.18350029      -7.54411724E-12
   5.18700027      -8.54274811E-12
   5.19050026      -9.50973068E-12
   5.19400024      -1.04414125E-11
   5.19750023      -1.13342816E-11
   5.20100021      -1.21849857E-11
   5.20450020      -1.29903397E-11
   5.20800018      -1.37473418E-11
   5.21150017      -1.44531843E-11
   5.21500015      -1.51052643E-11
   5.21850014      -1.57011921E-11
   5.22200012      -1.62388054E-11
   5.22550011      -1.67161718E-11
   5.22900009      -1.71316017E-11
   5.23250008      -1.74836482E-11
   5.23600006      -1.77711196E-11
   5.23950005      -1.79930792E-11
   5.24300003      -1.81488470E-11
   5.24650002      -1.82380118E-11
   5.25000000      -1.82604175E-11
   5.25349998      -1.82161786E-11
   5.25699997      -1.81056663E-11
   5.26049995      -1.79295190E-11
   5.26399994      -1.76886249E-11
   5.26750040      -1.73841341E-11
   5.27100039      -1.70174413E-11
   5.27450037      -1.65901858E-11
   5.27800035      -1.61042395E-11
   5.28150034      -1.55617082E-11
   5.28500032      -1.49649113E-11
   5.28850031      -1.43163849E-11
   5.29200029      -1.36188578E-11
   5.29550028      -1.28752512E-11
   5.29900026      -1.20886599E-11
   5.30250025      -1.12623444E-11
   5.30600023      -1.03997132E-11
   5.30950022      -9.50431400E-12
   5.31300020      -8.57981308E-12
   5.31650019      -7.62998692E-12
   5.32000017      -6.65869963E-12
   5.32350016      -5.66989554E-12
   5.32700014      -4.66757622E-12
   5.33050013      -3.65578835E-12
   5.33400011      -2.63860570E-12
   5.33750010      -1.62011387E-12
   5.34100008      -6.04392567E-13
   5.34450006       4.04499974E-13
   5.34800005       1.40254323E-12
   5.35150003       2.38577062E-12
   5.35500002       3.35028576E-12
   5.35850000       4.29227747E-12
   5.36199999       5.20803452E-12
   5.36549997       6.09396214E-12
   5.36899996       6.94659478E-12
   5.37249994       7.76260913E-12
   5.37600040       8.53884064E-12
   5.37950039       9.27229040E-12
   5.38300037       9.96014469E-12
   5.38650036       1.05997771E-11
   5.39000034       1.11887652E-11
   5.39350033       1.17248997E-11
   5.39700031       1.22061883E-11
   5.40050030       1.26308677E-11
   5.40400028       1.29974096E-11
   5.40750027       1.33045250E-11
   5.41100025       1.35511706E-11
   5.41450024       1.37365501E-11
   5.41800022       1.38601214E-11
   5.42150021       1.39215939E-11
   5.42500019       1.39209304E-11
   5.42850018       1.38583494E-11
   5.43200016       1.37343210E-11
   5.43550014       1.35495651E-11
   5.43900013       1.33050480E-11
   5.44250011       1.30019797E-11
   5.44600010       1.26418051E-11
   5.44950008       1.22262027E-11
   5.45300007       1.17570719E-11
   5.45650005       1.12365308E-11
   5.46000004       1.06669005E-11
   5.46350002       1.00507007E-11
   5.46700001       9.39063844E-12
   5.47049999       8.68959418E-12
   5.47399998       7.95061152E-12
   5.47749996       7.17688539E-12
   5.48099995       6.37174601E-12
   5.48449993       5.53864853E-12
   5.48800039       4.68115650E-12
   5.49150038       3.80292846E-12
   5.49500036       2.90770142E-12
   5.49850035       1.99927748E-12
   5.50200033       1.08150630E-12
   5.50550032       1.58270722E-13
   5.50900030      -7.66529743E-13
   5.51250029      -1.68899454E-12
   5.51600027      -2.60523829E-12
   5.51950026      -3.51140623E-12
   5.52300024      -4.40369009E-12
   5.52650023      -5.27834330E-12
   5.53000021      -6.13169715E-12
   5.53350019      -6.96017419E-12
   5.53700018      -7.76030368E-12
   5.54050016      -8.52873588E-12
   5.54400015      -9.26225329E-12
   5.54750013      -9.95778720E-12
   5.55100012      -1.06124276E-11
   5.55450010      -1.12234354E-11
   5.55800009      -1.17882535E-11
   5.56150007      -1.23045168E-11
   5.56500006      -1.27700611E-11
   5.56850004      -1.31829330E-11
   5.57200003      -1.35413980E-11
   5.57550001      -1.38439434E-11
   5.57900000      -1.40892905E-11
   5.58249998      -1.42763934E-11
   5.58599997      -1.44044473E-11
   5.58949995      -1.44728890E-11
   5.59299994      -1.44814005E-11
   5.59650040      -1.44299095E-11
   5.60000038      -1.43185897E-11
   5.60350037      -1.41478574E-11
   5.60700035      -1.39183734E-11
   5.61050034      -1.36310373E-11
   5.61400032      -1.32869870E-11
   5.61750031      -1.28875868E-11
   5.62100029      -1.24344294E-11
   5.62450027      -1.19293265E-11
   5.62800026      -1.13742965E-11
   5.63150024      -1.07715651E-11
   5.63500023      -1.01235461E-11
   5.63850021      -9.43284079E-12
   5.64200020      -8.70221950E-12
   5.64550018      -7.93461390E-12
   5.64900017      -7.13310530E-12
   5.65250015      -6.30090945E-12
   5.65600014      -5.44136524E-12
   5.65950012      -4.55792088E-12
   5.66300011      -3.65411824E-12
   5.66650009      -2.73358029E-12
   5.67000008      -1.79999440E-12
   5.67350006      -8.57098355E-13
   5.67700005       9.13349867E-14
   5.68050003       1.04151356E-12
   5.68400002       1.98964131E-12
   5.68750000       2.93193378E-12
   5.69099998       3.86463344E-12
   5.69449997       4.78402517E-12
   5.69799995       5.68645131E-12
   5.70149994       6.56832618E-12
   5.70500040       7.42615084E-12
   5.70850039       8.25652741E-12
   5.71200037       9.05617421E-12
   5.71550035       9.82193493E-12
   5.71900034       1.05507955E-11
   5.72250032       1.12398962E-11
   5.72600031       1.18865386E-11
   5.72950029       1.24882023E-11
   5.73300028       1.30425514E-11
   5.73650026       1.35474444E-11
   5.74000025       1.40009428E-11
   5.74350023       1.44013204E-11
   5.74700022       1.47470681E-11
   5.75050020       1.50369005E-11
   5.75400019       1.52697594E-11
   5.75750017       1.54448242E-11
   5.76100016       1.55615052E-11
   5.76450014       1.56194536E-11
   5.76800013       1.56185568E-11
   5.77150011       1.55589482E-11
   5.77500010       1.54409922E-11
   5.77850008       1.52652960E-11
   5.78200006       1.50326973E-11
   5.78550005       1.47442666E-11
   5.78900003       1.44012987E-11
   5.79250002       1.40053108E-11
   5.79600000       1.35580323E-11
   5.79949999       1.30614009E-11
   5.80299997       1.25175504E-11
   5.80649996       1.19288060E-11
   5.80999994       1.12976729E-11
   5.81350040       1.06268249E-11
   5.81700039       9.91909332E-12
   5.82050037       9.17745827E-12
   5.82400036       8.40503101E-12
   5.82750034       7.60504593E-12
   5.83100033       6.78084542E-12
   5.83450031       5.93586421E-12
   5.83800030       5.07361817E-12
   5.84150028       4.19768864E-12
   5.84500027       3.31170551E-12
   5.84850025       2.41933665E-12
   5.85200024       1.52426845E-12
   5.85550022       6.30193651E-13
   5.85900021      -2.59205499E-13
   5.86250019      -1.14027169E-12
   5.86600018      -2.00938766E-12
   5.86950016      -2.86299109E-12
   5.87300014      -3.69758911E-12
   5.87650013      -4.50977320E-12
   5.88000011      -5.29623264E-12
   5.88350010      -6.05376686E-12
   5.88700008      -6.77930151E-12
   5.89050007      -7.46989796E-12
   5.89400005      -8.12276808E-12
   5.89750004      -8.73528160E-12
   5.90100002      -9.30498213E-12
   5.90450001      -9.82959287E-12
   5.90799999      -1.03070278E-11
   5.91149998      -1.07353995E-11
   5.91499996      -1.11130272E-11
   5.91849995      -1.14384431E-11
   5.92200041      -1.17104000E-11
   5.92550039      -1.19278719E-11
   5.92900038      -1.20900642E-11
   5.93250036      -1.21964114E-11
   5.93600035      -1.22465822E-11
   5.93950033      -1.22404821E-11
   5.94300032      -1.21782489E-11
   5.94650030      -1.20602564E-11
   5.95000029      -1.18871094E-11
   5.95350027      -1.16596455E-11
   5.95700026      -1.13789256E-11
   5.96050024      -1.10462351E-11
   5.96400023      -1.06630755E-11
   5.96750021      -1.02311579E-11
   5.97100019      -9.75239594E-12
   5.97450018      -9.22890063E-12
   5.97800016      -8.66296705E-12
   5.98150015      -8.05706890E-12
   5.98500013      -7.41384471E-12
   5.98850012      -6.73608912E-12
   5.99200010      -6.02674161E-12
   5.99550009      -5.28887220E-12
   5.99900007      -4.52567020E-12
   6.00250006      -3.74043114E-12
   6.00600004      -2.93654272E-12
   6.00950003      -2.11746983E-12
   6.01300001      -1.28674220E-12
   6.01650000      -4.47938073E-13
   6.01999998       3.95329711E-13
   6.02349997       1.23942892E-12
   6.02699995       2.08072296E-12
   6.03050041       2.91558574E-12
   6.03400040       3.74041683E-12
   6.03750038       4.55165636E-12
   6.04100037       5.34579976E-12
   6.04450035       6.11941227E-12
   6.04800034       6.86914241E-12
   6.05150032       7.59173713E-12
   6.05500031       8.28405400E-12
   6.05850029       8.94307631E-12
   6.06200027       9.56592097E-12
   6.06550026       1.01498566E-11
   6.06900024       1.06923108E-11
   6.07250023       1.11908798E-11
   6.07600021       1.16433434E-11
   6.07950020       1.20476693E-11
   6.08300018       1.24020239E-11
   6.08650017       1.27047782E-11
   6.09000015       1.29545168E-11
   6.09350014       1.31500436E-11
   6.09700012       1.32903836E-11
   6.10050011       1.33747909E-11
   6.10400009       1.34027503E-11
   6.10750008       1.33739781E-11
   6.11100006       1.32884268E-11
   6.11450005       1.31462809E-11
   6.11800003       1.29479604E-11
   6.12150002       1.26941166E-11
   6.12500000       1.23856298E-11
   6.12849998       1.20236069E-11
   6.13199997       1.16093758E-11
   6.13549995       1.11444812E-11
   6.13900042       1.06306769E-11
   6.14250040       1.00699197E-11
   6.14600039       9.46436072E-12
   6.14950037       8.81633828E-12
   6.15300035       8.12836517E-12
   6.15650034       7.40312152E-12
   6.16000032       6.64344317E-12
   6.16350031       5.85230909E-12
   6.16700029       5.03283006E-12
   6.17050028       4.18823570E-12
   6.17400026       3.32186058E-12
   6.17750025       2.43713231E-12
   6.18100023       1.53755622E-12
   6.18450022       6.26701219E-13
   6.18800020      -2.91814722E-13
   6.19150019      -1.21433918E-12
   6.19500017      -2.13720014E-12
   6.19850016      -3.05672198E-12
   6.20200014      -3.96923857E-12
   6.20550013      -4.87111089E-12
   6.20900011      -5.75873897E-12
   6.21250010      -6.62857963E-12
   6.21600008      -7.47715778E-12
   6.21950006      -8.30108465E-12
   6.22300005      -9.09706772E-12
   6.22650003      -9.86192638E-12
   6.23000002      -1.05926041E-11
   6.23350000      -1.12861812E-11
   6.23699999      -1.19398892E-11
   6.24049997      -1.25511164E-11
   6.24399996      -1.31174247E-11
   6.24750042      -1.36365563E-11
   6.25100040      -1.41064426E-11
   6.25450039      -1.45252161E-11
   6.25800037      -1.48912133E-11
   6.26150036      -1.52029847E-11
   6.26500034      -1.54593022E-11
   6.26850033      -1.56591580E-11
   6.27200031      -1.58017748E-11
   6.27550030      -1.58866097E-11
   6.27900028      -1.59133488E-11
   6.28250027      -1.58819138E-11
   6.28600025      -1.57924680E-11
   6.28950024      -1.56454016E-11
   6.29300022      -1.54413426E-11
   6.29650021      -1.51811515E-11
   6.30000019      -1.48659089E-11
   6.30350018      -1.44969254E-11
   6.30700016      -1.40757258E-11
   6.31050014      -1.36040467E-11
   6.31400013      -1.30838292E-11
   6.31750011      -1.25172104E-11
   6.32100010      -1.19065140E-11
   6.32450008      -1.12542432E-11
   6.32800007      -1.05630669E-11
   6.33150005      -9.83581272E-12
   6.33500004      -9.07545220E-12
   6.33850002      -8.28509050E-12
   6.34200001      -7.46795334E-12
   6.34549999      -6.62737139E-12
   6.34899998      -5.76677118E-12
   6.35249996      -4.88965769E-12
   6.35600042      -3.99960056E-12
   6.35950041      -3.10021973E-12
   6.36300039      -2.19517069E-12
   6.36650038      -1.28812943E-12
   6.37000036      -3.82777062E-13
   6.37350035       5.17214960E-13
   6.37700033       1.40820016E-12
   6.38050032       2.28657176E-12
   6.38400030       3.14877811E-12
   6.38750029       3.99133634E-12
   6.39100027       4.81084747E-12
   6.39450026       5.60400988E-12
   6.39800024       6.36763385E-12
   6.40150023       7.09865283E-12
   6.40500021       7.79413860E-12
   6.40850019       8.45130996E-12
   6.41200018       9.06754880E-12
   6.41550016       9.64040566E-12
   6.41900015       1.01676141E-11
   6.42250013       1.06470987E-11
   6.42600012       1.10769805E-11
   6.42950010       1.14555917E-11
   6.43300009       1.17814751E-11
   6.43650007       1.20533947E-11
   6.44000006       1.22703393E-11
   6.44350004       1.24315280E-11
   6.44700003       1.25364120E-11
   6.45050001       1.25846755E-11
   6.45400000       1.25762404E-11
   6.45749998       1.25112672E-11
   6.46099997       1.23901479E-11
   6.46450043       1.22135115E-11
   6.46800041       1.19822199E-11
   6.47150040       1.16973601E-11
   6.47500038       1.13602452E-11
   6.47850037       1.09724070E-11
   6.48200035       1.05355872E-11
   6.48550034       1.00517355E-11
   6.48900032       9.52299611E-12
   6.49250031       8.95170309E-12
   6.49600029       8.34036833E-12
   6.49950027       7.69167282E-12
   6.50300026       7.00845328E-12
   6.50650024       6.29369343E-12
   6.51000023       5.55050970E-12
   6.51350021       4.78213909E-12
   6.51700020       3.99192571E-12
   6.52050018       3.18330692E-12
   6.52400017       2.35979834E-12
   6.52750015       1.52498120E-12
   6.53100014       6.82485969E-13
   6.53450012      -1.64022238E-13
   6.53800011      -1.01085871E-12
   6.54150009      -1.85433461E-12
   6.54500008      -2.69077208E-12
   6.54850006      -3.51651932E-12
   6.55200005      -4.32796680E-12
   6.55550003      -5.12156029E-12
   6.55900002      -5.89381842E-12
   6.56250000      -6.64134372E-12
   6.56599998      -7.36084024E-12
   6.56949997      -8.04912560E-12
   6.57300043      -8.70314237E-12
   6.57650042      -9.31997535E-12
   6.58000040      -9.89686024E-12
   6.58350039      -1.04311976E-11
   6.58700037      -1.09205596E-11
   6.59050035      -1.13627050E-11
   6.59400034      -1.17555887E-11
   6.59750032      -1.20973648E-11
   6.60100031      -1.23864001E-11
   6.60450029      -1.26212799E-11
   6.60800028      -1.28008125E-11
   6.61150026      -1.29240342E-11
   6.61500025      -1.29902157E-11
   6.61850023      -1.29988650E-11
   6.62200022      -1.29497272E-11
   6.62550020      -1.28427893E-11
   6.62900019      -1.26782786E-11
   6.63250017      -1.24566616E-11
   6.63600016      -1.21786426E-11
   6.63950014      -1.18451637E-11
   6.64300013      -1.14573967E-11
   6.64650011      -1.10167431E-11
   6.65000010      -1.05248241E-11
   6.65350008      -9.98348019E-12
   6.65700006      -9.39475494E-12
   6.66050005      -8.76089739E-12
   6.66400003      -8.08434483E-12
   6.66750002      -7.36771668E-12
   6.67100000      -6.61380195E-12
   6.67449999      -5.82555098E-12
   6.67799997      -5.00606110E-12
   6.68150043      -4.15856499E-12
   6.68500042      -3.28641606E-12
   6.68850040      -2.39307706E-12
   6.69200039      -1.48210491E-12
   6.69550037      -5.57135826E-13
   6.69900036       3.78129169E-13
   6.70250034       1.31993917E-12
   6.70600033       2.26450889E-12
   6.70950031       3.20803453E-12
   6.71300030       4.14670902E-12
   6.71650028       5.07673721E-12
   6.72000027       5.99435258E-12
   6.72350025       6.89583243E-12
   6.72700024       7.77751127E-12
   6.73050022       8.63580041E-12
   6.73400021       9.46719786E-12
   6.73750019       1.02683053E-11
   6.74100018       1.10358424E-11
   6.74450016       1.17666597E-11
   6.74800014       1.24577518E-11
   6.75150013       1.31062687E-11
   6.75500011       1.37095318E-11
   6.75850010       1.42650405E-11
   6.76200008       1.47704834E-11
   6.76550007       1.52237511E-11
   6.76900005       1.56229404E-11
   6.77250004       1.59663689E-11
   6.77600002       1.62525757E-11
   6.77950001       1.64803275E-11
   6.78299999       1.66486339E-11
   6.78649998       1.67567384E-11
   6.79000044       1.68041293E-11
   6.79350042       1.67905394E-11
   6.79700041       1.67159550E-11
   6.80050039       1.65806015E-11
   6.80400038       1.63849559E-11
   6.80750036       1.61297399E-11
   6.81100035       1.58159163E-11
   6.81450033       1.54446889E-11
   6.81800032       1.50174925E-11
   6.82150030       1.45359939E-11
   6.82500029       1.40020799E-11
   6.82850027       1.34178519E-11
   6.83200026       1.27856172E-11
   6.83550024       1.21078815E-11
   6.83900023       1.13873355E-11
   6.84250021       1.06268466E-11
   6.84600019       9.82944628E-12
   6.84950018       8.99831772E-12
   6.85300016       8.13678465E-12
   6.85650015       7.24829528E-12
   6.86000013       6.33641013E-12
   6.86350012       5.40478599E-12
   6.86700010       4.45716250E-12
   6.87050009       3.49734629E-12
   6.87400007       2.52919517E-12
   6.87750006       1.55660250E-12
   6.88100004       5.83481343E-13
   6.88450003      -3.86251957E-13
   6.88800001      -1.34869351E-12
   6.89150000      -2.29996794E-12
   6.89499998      -3.23624504E-12
   6.89850044      -4.15375460E-12
   6.90200043      -5.04880252E-12
   6.90550041      -5.91778623E-12
   6.90900040      -6.75720938E-12
   6.91250038      -7.56369620E-12
   6.91600037      -8.33400710E-12
   6.91950035      -9.06504819E-12
   6.92300034      -9.75389040E-12
   6.92650032      -1.03977738E-11
   6.93000031      -1.09941284E-11
   6.93350029      -1.15405767E-11
   6.93700027      -1.20349486E-11
   6.94050026      -1.24752890E-11
   6.94400024      -1.28598651E-11
   6.94750023      -1.31871779E-11
   6.95100021      -1.34559629E-11
   6.95450020      -1.36652000E-11
   6.95800018      -1.38141165E-11
   6.96150017      -1.39021893E-11
   6.96500015      -1.39291504E-11
   6.96850014      -1.38949850E-11
   6.97200012      -1.37999352E-11
   6.97550011      -1.36444970E-11
   6.97900009      -1.34294182E-11
   6.98250008      -1.31556970E-11
   6.98600006      -1.28245799E-11
   6.98950005      -1.24375519E-11
   6.99300003      -1.19963345E-11
   6.99650002      -1.15028794E-11
