      monx              mony
   0.00000000       4.37645233E-12
   3.50000011E-03  -3.28634385E-12
   7.00000022E-03  -1.08339388E-11
   1.05000008E-02  -1.80642619E-11
   1.40000004E-02  -2.47837757E-11
   1.75000001E-02  -3.08127308E-11
   2.10000016E-02  -3.59900477E-11
   2.45000012E-02  -4.01777014E-11
   2.80000009E-02  -4.32644649E-11
   3.15000005E-02  -4.51689762E-11
   3.50000001E-02  -4.58419379E-11
   3.84999998E-02  -4.52674981E-11
   4.20000032E-02  -4.34636875E-11
   4.55000028E-02  -4.04819823E-11
   4.90000024E-02  -3.64059061E-11
   5.25000021E-02  -3.13487951E-11
   5.60000017E-02  -2.54507509E-11
   5.95000014E-02  -1.88748357E-11
   6.30000010E-02  -1.18026743E-11
   6.65000007E-02  -4.42952229E-12
   7.00000003E-02   3.04103140E-12
   7.34999999E-02   1.04025963E-11
   7.69999996E-02   1.74515957E-11
   8.04999992E-02   2.39928129E-11
   8.40000063E-02   2.98447135E-11
   8.75000060E-02   3.48444086E-11
   9.10000056E-02   3.88521021E-11
   9.45000052E-02   4.17549467E-11
   9.80000049E-02   4.34701372E-11
  0.101500005       4.39472105E-11
  0.105000004       4.31694611E-11
  0.108500004       4.11544583E-11
  0.112000003       3.79535986E-11
  0.115500003       3.36507697E-11
  0.119000003       2.83601111E-11
  0.122500002       2.22229457E-11
  0.126000002       1.54039854E-11
  0.129500002       8.08687405E-12
  0.133000001       4.69218523E-13
  0.136500001      -7.24277149E-12
  0.140000001      -1.48398828E-11
  0.143500000      -2.21155975E-11
  0.147000000      -2.88717140E-11
  0.150500000      -3.49237722E-11
  0.153999999      -4.01060955E-11
  0.157499999      -4.42763326E-11
  0.160999998      -4.73193984E-11
  0.164499998      -4.91506350E-11
  0.168000013      -4.97181948E-11
  0.171500012      -4.90045123E-11
  0.175000012      -4.70268442E-11
  0.178500012      -4.38368855E-11
  0.182000011      -3.95194155E-11
  0.185500011      -3.41900640E-11
  0.189000010      -2.79922422E-11
  0.192500010      -2.10932764E-11
  0.196000010      -1.36799192E-11
  0.199500009      -5.95330512E-12
  0.203000009       1.87648790E-12
  0.206500009       9.59613985E-12
  0.210000008       1.69948795E-11
  0.213500008       2.38702287E-11
  0.217000008       3.00335243E-11
  0.220500007       3.53150773E-11
  0.224000007       3.95688447E-11
  0.227500007       4.26764318E-11
  0.231000006       4.45503946E-11
  0.234500006       4.51366722E-11
  0.238000005       4.44161513E-11
  0.241500005       4.24052390E-11
  0.245000005       3.91555226E-11
  0.248500004       3.47524405E-11
  0.252000004       2.93130312E-11
  0.255500019       2.29828309E-11
  0.259000003       1.59319901E-11
  0.262500018       8.35069514E-12
  0.266000003       4.44052699E-13
  0.269500017      -7.57344881E-12
  0.273000002      -1.54837497E-11
  0.276500016      -2.30711318E-11
  0.280000001      -3.01280910E-11
  0.283500016      -3.64609905E-11
  0.287000000      -4.18953552E-11
  0.290500015      -4.62806703E-11
  0.294000000      -4.94945092E-11
  0.297500014      -5.14459482E-11
  0.300999999      -5.20780988E-11
  0.304500014      -5.13697453E-11
  0.307999998      -4.93359971E-11
  0.311500013      -4.60279904E-11
  0.314999998      -4.15315664E-11
  0.318500012      -3.59650365E-11
  0.321999997      -2.94760397E-11
  0.325500011      -2.22376301E-11
  0.328999996      -1.44436104E-11
  0.332500011      -6.30334153E-12
  0.336000025       1.96391254E-12
  0.339500010       1.01349094E-11
  0.343000025       1.79884857E-11
  0.346500009       2.53115601E-11
  0.350000024       3.19049509E-11
  0.353500009       3.75888071E-11
  0.357000023       4.22075500E-11
  0.360500008       4.56341596E-11
  0.364000022       4.77736913E-11
  0.367500007       4.85659395E-11
  0.371000022       4.79871663E-11
  0.374500006       4.60508263E-11
  0.378000021       4.28073167E-11
  0.381500006       3.83426971E-11
  0.385000020       3.27764378E-11
  0.388500005       2.62582768E-11
  0.392000020       1.89642295E-11
  0.395500004       1.10918774E-11
  0.399000019       2.85506211E-12
  0.402500004      -5.52187506E-12
  0.406000018      -1.38101579E-11
  0.409500003      -2.17827718E-11
  0.413000017      -2.92206363E-11
  0.416500002      -3.59185633E-11
  0.420000017      -4.16908834E-11
  0.423500001      -4.63765207E-11
  0.427000016      -4.98434453E-11
  0.430500001      -5.19923236E-11
  0.434000015      -5.27593282E-11
  0.437500000      -5.21179384E-11
  0.441000015      -5.00797979E-11
  0.444499999      -4.66944712E-11
  0.448000014      -4.20482295E-11
  0.451500028      -3.62618061E-11
  0.455000013      -2.94872078E-11
  0.458500028      -2.19036872E-11
  0.462000012      -1.37129605E-11
  0.465500027      -5.13378185E-12
  0.469000012       3.60392965E-12
  0.472500026       1.22653034E-11
  0.476000011       2.06168763E-11
  0.479500026       2.84329244E-11
  0.483000010       3.55016190E-11
  0.486500025       4.16308099E-11
  0.490000010       4.66532889E-11
  0.493500024       5.04314090E-11
  0.497000009       5.28608927E-11
  0.500500023       5.38737700E-11
  0.504000008       5.34403147E-11
  0.507499993       5.15699670E-11
  0.511000037       4.83112023E-11
  0.514500022       4.37503055E-11
  0.518000007       3.80091653E-11
  0.521499991       3.12420541E-11
  0.525000036       2.36315429E-11
  0.528500021       1.53836353E-11
  0.532000005       6.72224255E-12
  0.535499990      -2.11684034E-12
  0.539000034      -1.08922923E-11
  0.542500019      -1.93638022E-11
  0.546000004      -2.72985870E-11
  0.549499989      -3.44777401E-11
  0.553000033      -4.07022090E-11
  0.556500018      -4.57982437E-11
  0.560000002      -4.96222161E-11
  0.563500047      -5.20645922E-11
  0.567000031      -5.30529995E-11
  0.570500016      -5.25543394E-11
  0.574000001      -5.05757693E-11
  0.577500045      -4.71646576E-11
  0.581000030      -4.24074283E-11
  0.584500015      -3.64273160E-11
  0.588000000      -2.93811607E-11
  0.591500044      -2.14552560E-11
  0.595000029      -1.28603777E-11
  0.598500013      -3.82615944E-12
  0.601999998       5.40508653E-12
  0.605500042       1.45848958E-11
  0.609000027       2.34653737E-11
  0.612500012       3.18059190E-11
  0.615999997       3.93797737E-11
  0.619500041       4.59802162E-11
  0.623000026       5.14262348E-11
  0.626500010       5.55675263E-11
  0.629999995       5.82886517E-11
  0.633500040       5.95123048E-11
  0.637000024       5.92015117E-11
  0.640500009       5.73607932E-11
  0.643999994       5.40361401E-11
  0.647500038       4.93139314E-11
  0.651000023       4.33187201E-11
  0.654500008       3.62099656E-11
  0.657999992       2.81778420E-11
  0.661500037       1.94381750E-11
  0.665000021       1.02266685E-11
  0.668500006       7.92587241E-13
  0.672000051      -8.60796417E-12
  0.675500035      -1.77189652E-11
  0.679000020      -2.62914187E-11
  0.682500005      -3.40901370E-11
  0.686000049      -4.09001617E-11
  0.689500034      -4.65326666E-11
  0.693000019      -5.08301630E-11
  0.696500003      -5.36708872E-11
  0.700000048      -5.49722282E-11
  0.703500032      -5.46930973E-11
  0.707000017      -5.28351841E-11
  0.710500002      -4.94430712E-11
  0.714000046      -4.46031788E-11
  0.717500031      -3.84415416E-11
  0.721000016      -3.11205679E-11
  0.724500000      -2.28347358E-11
  0.728000045      -1.38054403E-11
  0.731500030      -4.27509243E-12
  0.735000014       5.49938567E-12
  0.738499999       1.52534773E-11
  0.742000043       2.47222139E-11
  0.745500028       3.36473592E-11
  0.749000013       4.17844405E-11
  0.752499998       4.89094217E-11
  0.756000042       5.48248599E-11
  0.759500027       5.93653460E-11
  0.763000011       6.24021321E-11
  0.766499996       6.38467196E-11
  0.770000041       6.36534436E-11
  0.773500025       6.18208401E-11
  0.777000010       5.83918816E-11
  0.780499995       5.34529365E-11
  0.784000039       4.71316389E-11
  0.787500024       3.95935298E-11
  0.791000009       3.10377557E-11
  0.794500053       2.16917664E-11
  0.798000038       1.18052625E-11
  0.801500022       1.64351508E-12
  0.805000007      -8.51977256E-12
  0.808500051      -1.84098570E-11
  0.812000036      -2.77583911E-11
  0.815500021      -3.63107357E-11
  0.819000006      -4.38329130E-11
  0.822500050      -5.01180208E-11
  0.826000035      -5.49919589E-11
  0.829500020      -5.83182738E-11
  0.833000004      -6.00020103E-11
  0.836500049      -5.99924277E-11
  0.840000033      -5.82845786E-11
  0.843500018      -5.49195966E-11
  0.847000003      -4.99837775E-11
  0.850500047      -4.36064136E-11
  0.854000032      -3.59564566E-11
  0.857500017      -2.72381024E-11
  0.861000001      -1.76853861E-11
  0.864500046      -7.55595846E-12
  0.868000031       2.87580441E-12
  0.871500015       1.33261726E-11
  0.875000000       2.35097185E-11
  0.878500044       3.31470545E-11
  0.882000029       4.19724221E-11
  0.885500014       4.97409613E-11
  0.888999999       5.62354434E-11
  0.892500043       6.12722581E-11
  0.896000028       6.47065526E-11
  0.899500012       6.64362940E-11
  0.903000057       6.64052355E-11
  0.906500041       6.46046411E-11
  0.910000026       6.10736947E-11
  0.913500011       5.58986572E-11
  0.917000055       4.92107396E-11
  0.920500040       4.11827066E-11
  0.924000025       3.20244040E-11
  0.927500010       2.19771996E-11
  0.931000054       1.13075998E-11
  0.934500039       3.00117949E-13
  0.938000023      -1.07503546E-11
  0.941500008      -2.15464972E-11
  0.945000052      -3.17966105E-11
  0.948500037      -4.12225393E-11
  0.952000022      -4.95672843E-11
  0.955500007      -5.66020564E-11
  0.959000051      -6.21325907E-11
  0.962500036      -6.60045768E-11
  0.966000021      -6.81080123E-11
  0.969500005      -6.83803916E-11
  0.973000050      -6.68085864E-11
  0.976500034      -6.34294492E-11
  0.980000019      -5.83290083E-11
  0.983500004      -5.16403934E-11
  0.987000048      -4.35404005E-11
  0.990500033      -3.42449159E-11
  0.994000018      -2.40032386E-11
  0.997500002      -1.30914767E-11
   1.00100005      -1.80517602E-12
   1.00450003       9.54859716E-12
   1.00800002       2.06595279E-11
   1.01150000       3.12224517E-11
   1.01499999       4.09456566E-11
   1.01850009       4.95588397E-11
   1.02200007       5.68205483E-11
   1.02550006       6.25248603E-11
   1.02900004       6.65071331E-11
   1.03250003       6.86486631E-11
   1.03600001       6.88801099E-11
   1.03950000       6.71836267E-11
   1.04299998       6.35936026E-11
   1.04650009       5.81959550E-11
   1.05000007       5.11260582E-11
   1.05350006       4.25653297E-11
   1.05700004       3.27365184E-11
   1.06050003       2.18978828E-11
   1.06400001       1.03363585E-11
   1.06750000      -1.64007404E-12
   1.07099998      -1.37106342E-11
   1.07450008      -2.55503691E-11
   1.07800007      -3.68389416E-11
   1.08150005      -4.72693239E-11
   1.08500004      -5.65562042E-11
   1.08850002      -6.44438045E-11
   1.09200001      -7.07129771E-11
   1.09549999      -7.51873078E-11
   1.09899998      -7.77381423E-11
   1.10250008      -7.82882786E-11
   1.10600007      -7.68143604E-11
   1.10950005      -7.33477307E-11
   1.11300004      -6.79739251E-11
   1.11650002      -6.08305767E-11
   1.12000000      -5.21039947E-11
   1.12349999      -4.20243389E-11
   1.12700009      -3.08596308E-11
   1.13050008      -1.89086680E-11
   1.13400006      -6.49310467E-12
   1.13750005       6.05115610E-12
   1.14100003       1.83829861E-11
   1.14450002       3.01652522E-11
   1.14800000       4.10739706E-11
   1.15149999       5.08071571E-11
   1.15500009       5.90931401E-11
   1.15850008       6.56980720E-11
   1.16200006       7.04324793E-11
   1.16550004       7.31566335E-11
   1.16900003       7.37846104E-11
   1.17250001       7.22869126E-11
   1.17600000       6.86916010E-11
   1.17949998       6.30838021E-11
   1.18300009       5.56037716E-11
   1.18650007       4.64433665E-11
   1.19000006       3.58411495E-11
   1.19350004       2.40761768E-11
   1.19700003       1.14606805E-11
   1.20050001      -1.66821992E-12
   1.20400000      -1.49575005E-11
   1.20749998      -2.80477100E-11
   1.21100008      -4.05826692E-11
   1.21450007      -5.22191491E-11
   1.21800005      -6.26362226E-11
   1.22150004      -7.15441179E-11
   1.22500002      -7.86922194E-11
   1.22850001      -8.38761074E-11
   1.23199999      -8.69433484E-11
   1.23550010      -8.77979356E-11
   1.23900008      -8.64032387E-11
   1.24250007      -8.27833149E-11
   1.24600005      -7.70226313E-11
   1.24950004      -6.92641569E-11
   1.25300002      -5.97057959E-11
   1.25650001      -4.85953951E-11
   1.25999999      -3.62243117E-11
   1.26350009      -2.29197824E-11
   1.26700008      -9.03628908E-12
   1.27050006       5.05389047E-12
   1.27400005       1.89706514E-11
   1.27750003       3.23363072E-11
   1.28100002       4.47858486E-11
   1.28450000       5.59768898E-11
   1.28799999       6.55990956E-11
   1.29150009       7.33827860E-11
   1.29500008       7.91064991E-11
   1.29850006       8.26032714E-11
   1.30200005       8.37655501E-11
   1.30550003       8.25484334E-11
   1.30900002       7.89713017E-11
   1.31250000       7.31177341E-11
   1.31599998       6.51336068E-11
   1.31950009       5.52235861E-11
   1.32300007       4.36459445E-11
   1.32650006       3.07059170E-11
   1.33000004       1.67477473E-11
   1.33350003       2.14561745E-12
   1.33700001      -1.27062935E-11
   1.34050000      -2.74043444E-11
   1.34400010      -4.15463081E-11
   1.34750009      -5.47422663E-11
   1.35100007      -6.66252609E-11
   1.35450006      -7.68613784E-11
   1.35800004      -8.51590257E-11
   1.36150002      -9.12770901E-11
   1.36500001      -9.50318643E-11
   1.36849999      -9.63023480E-11
   1.37200010      -9.50340154E-11
   1.37550008      -9.12407233E-11
   1.37900007      -8.50048018E-11
   1.38250005      -7.64753399E-11
   1.38600004      -6.58645777E-11
   1.38950002      -5.34426357E-11
   1.39300001      -3.95305975E-11
   1.39649999      -2.44921774E-11
   1.40000010      -8.72418110E-12
   1.40350008       7.35399155E-12
   1.40700006       2.33115471E-11
   1.41050005       3.87178761E-11
   1.41400003       5.31541998E-11
   1.41750002       6.62250116E-11
   1.42100000       7.75689304E-11
   1.42449999       8.68687552E-11
   1.42800009       9.38603639E-11
   1.43150008       9.83402457E-11
   1.43500006       1.00171489E-10
   1.43850005       9.92879667E-11
   1.44200003       9.56966589E-11
   1.44550002       8.94780083E-11
   1.44900000       8.07843237E-11
   1.45249999       6.98361924E-11
   1.45600009       5.69170128E-11
   1.45950007       4.23658504E-11
   1.46300006       2.65686449E-11
   1.46650004       9.94816556E-12
   1.47000003      -7.04716190E-12
   1.47350001      -2.39551868E-11
   1.47700000      -4.03124339E-11
   1.48050010      -5.56666310E-11
   1.48400009      -6.95890429E-11
   1.48750007      -8.16862619E-11
   1.49100006      -9.16111353E-11
   1.49450004      -9.90725488E-11
   1.49800003      -1.03843732E-10
   1.50150001      -1.05768942E-10
   1.50500000      -1.04768277E-10
   1.50850010      -1.00840419E-10
   1.51200008      -9.40633682E-11
   1.51550007      -8.45929785E-11
   1.51900005      -7.26593785E-11
   1.52250004      -5.85614127E-11
   1.52600002      -4.26590950E-11
   1.52950001      -2.53644345E-11
   1.53299999      -7.13070575E-12
   1.53650010       1.15594374E-11
   1.54000008       3.02067711E-11
   1.54350007       4.83088465E-11
   1.54700005       6.53735677E-11
   1.55050004       8.09325662E-11
   1.55400002       9.45540937E-11
   1.55750000       1.05855012E-10
   1.56099999       1.14511595E-10
   1.56450009       1.20268795E-10
   1.56800008       1.22947777E-10
   1.57150006       1.22451424E-10
   1.57500005       1.18767746E-10
   1.57850003       1.11970905E-10
   1.58200002       1.02220087E-10
   1.58550000       8.97559249E-11
   1.58900011       7.48947918E-11
   1.59250009       5.80209075E-11
   1.59600008       3.95766440E-11
   1.59950006       2.00510719E-11
   1.60300004      -3.27902852E-14
   1.60650003      -2.01317973E-11
   1.61000001      -3.96971657E-11
   1.61350000      -5.81892486E-11
   1.61700010      -7.50922172E-11
   1.62050009      -8.99282246E-11
   1.62400007      -1.02270692E-10
   1.62750006      -1.11756382E-10
   1.63100004      -1.18095769E-10
   1.63450003      -1.21081700E-10
   1.63800001      -1.20595742E-10
   1.64150000      -1.16612303E-10
   1.64500010      -1.09200315E-10
   1.64850008      -9.85222876E-11
   1.65200007      -8.48309201E-11
   1.65550005      -6.84631796E-11
   1.65900004      -4.98321384E-11
   1.66250002      -2.94165629E-11
   1.66600001      -7.74871226E-12
   1.66949999       1.45994796E-11
   1.67300010       3.70314092E-11
   1.67650008       5.89416502E-11
   1.68000007       7.97322139E-11
   1.68350005       9.88287507E-11
   1.68700004       1.15696334E-10
   1.69050002       1.29854322E-10
   1.69400001       1.40889952E-10
   1.69750011       1.48470208E-10
   1.70100009       1.52351756E-10
   1.70450008       1.52388449E-10
   1.70800006       1.48536475E-10
   1.71150005       1.40856632E-10
   1.71500003       1.29513955E-10
   1.71850002       1.14774454E-10
   1.72200000       9.69990893E-11
   1.72550011       7.66352190E-11
   1.72900009       5.42055047E-11
   1.73250008       3.02947493E-11
   1.73600006       5.53485079E-12
   1.73950005      -1.94116528E-11
   1.74300003      -4.38690785E-11
   1.74650002      -6.71666472E-11
   1.75000000      -8.86566584E-11
   1.75350010      -1.07732177E-10
   1.75700009      -1.23843977E-10
   1.76050007      -1.36516021E-10
   1.76400006      -1.45359239E-10
   1.76750004      -1.50083154E-10
   1.77100003      -1.50504942E-10
   1.77450001      -1.46555795E-10
   1.77800000      -1.38284231E-10
   1.78150010      -1.25856409E-10
   1.78500009      -1.09553151E-10
   1.78850007      -8.97639532E-11
   1.79200006      -6.69779787E-11
   1.79550004      -4.17722419E-11
   1.79900002      -1.47972710E-11
   1.80250001       1.32393688E-11
   1.80600011       4.15913207E-11
   1.80950010       6.94929669E-11
   1.81300008       9.61797725E-11
   1.81650007       1.20908838E-10
   1.82000005       1.42979226E-10
   1.82350004       1.61751376E-10
   1.82700002       1.76665238E-10
   1.83050001       1.87256502E-10
   1.83400011       1.93170480E-10
   1.83750010       1.94173330E-10
   1.84100008       1.90160096E-10
   1.84450006       1.81159615E-10
   1.84800005       1.67335673E-10
   1.85150003       1.48984824E-10
   1.85500002       1.26530467E-10
   1.85850000       1.00513452E-10
   1.86200011       7.15795270E-11
   1.86550009       4.04636290E-11
   1.86900008       7.97166326E-12
   1.87250006      -2.50399614E-11
   1.87600005      -5.76864563E-11
   1.87950003      -8.90778978E-11
   1.88300002      -1.18342988E-10
   1.88650000      -1.44652720E-10
   1.89000010      -1.67243316E-10
   1.89350009      -1.85437818E-10
   1.89700007      -1.98665751E-10
   1.90050006      -2.06480250E-10
   1.90400004      -2.08572271E-10
   1.90750003      -2.04781303E-10
   1.91100001      -1.95102448E-10
   1.91450012      -1.79689374E-10
   1.91800010      -1.58853222E-10
   1.92150009      -1.33057190E-10
   1.92500007      -1.02907162E-10
   1.92850006      -6.91382090E-11
   1.93200004      -3.25975288E-11
   1.93550003       5.77592705E-12
   1.93900001       4.49746837E-11
   1.94250011       8.39482026E-11
   1.94600010       1.21629984E-10
   1.94950008       1.56965635E-10
   1.95300007       1.88941182E-10
   1.95650005       2.16610951E-10
   1.96000004       2.39124054E-10
   1.96350002       2.55749172E-10
   1.96700001       2.65896555E-10
   1.97050011       2.69136824E-10
   1.97400010       2.65215933E-10
   1.97750008       2.54065990E-10
   1.98100007       2.35811287E-10
   1.98450005       2.10769541E-10
   1.98800004       1.79448054E-10
   1.99150002       1.42534942E-10
   1.99500000       1.00885293E-10
   1.99850011       5.55028176E-11
   2.00200009       7.51709459E-12
   2.00550008      -4.18429562E-11
   2.00900006      -9.12788109E-11
   2.01250005      -1.39454642E-10
   2.01600003      -1.85031365E-10
   2.01950002      -2.26701644E-10
   2.02300000      -2.63224942E-10
   2.02649999      -2.93461894E-10
   2.02999997      -3.16406817E-10
   2.03349996      -3.31217859E-10
   2.03700018      -3.37243677E-10
   2.04050016      -3.34046041E-10
   2.04400015      -3.21417726E-10
   2.04750013      -2.99395009E-10
   2.05100012      -2.68264494E-10
   2.05450010      -2.28563876E-10
   2.05800009      -1.81076334E-10
   2.06150007      -1.26818944E-10
   2.06500006      -6.70247052E-11
   2.06850004      -3.11902132E-12
   2.07200003       6.33094133E-11
   2.07550001       1.30542410E-10
   2.07900000       1.96770197E-10
   2.08249998       2.60132693E-10
   2.08599997       3.18763155E-10
   2.08949995       3.70833003E-10
   2.09300017       4.14597495E-10
   2.09650016       4.48440174E-10
   2.10000014       4.70915862E-10
   2.10350013       4.80790741E-10
   2.10700011       4.77078654E-10
   2.11050010       4.59072502E-10
   2.11400008       4.26370411E-10
   2.11750007       3.78895082E-10
   2.12100005       3.16906584E-10
   2.12450004       2.41007714E-10
   2.12800002       1.52141771E-10
   2.13150001       5.15824085E-11
   2.13499999      -5.90839599E-11
   2.13849998      -1.77983309E-10
   2.14199996      -3.02986136E-10
   2.14550018      -4.31746028E-10
   2.14900017      -5.61743929E-10
   2.15250015      -6.90337176E-10
   2.15600014      -8.14812495E-10
   2.15950012      -9.32441346E-10
   2.16300011      -1.04053755E-09
   2.16650009      -1.13651411E-09
   2.17000008      -1.21794053E-09
   2.17350006      -1.28259625E-09
   2.17700005      -1.32852218E-09
   2.18050003      -1.35406730E-09
   2.18400002      -1.35792855E-09
   2.18750000      -1.33918576E-09
   2.19099998      -1.29732824E-09
   2.19449997      -1.23227351E-09
   2.19799995      -1.14437715E-09
   2.20150018      -1.03443443E-09
   2.20500016      -9.03672637E-10
   2.20850015      -7.53733909E-10
   2.21200013      -5.86650284E-10
   2.21550012      -4.04810019E-10
   2.21900010      -2.10916298E-10
   2.22250009      -7.93929159E-12
   2.22600007       2.00937572E-10
   2.22950006       4.12376272E-10
   2.23300004       6.22946306E-10
   2.23650002       8.29189051E-10
   2.24000001       1.02768338E-09
   2.24349999       1.21511046E-09
   2.24699998       1.38831713E-09
   2.25049996       1.54437596E-09
   2.25400019       1.68064174E-09
   2.25750017       1.79480142E-09
   2.26100016       1.88491844E-09
   2.26450014       1.94946925E-09
   2.26800013       1.98737182E-09
   2.27150011       1.99800554E-09
   2.27500010       1.98122163E-09
   2.27850008       1.93734451E-09
   2.28200006       1.86716465E-09
   2.28550005       1.77191994E-09
   2.28900003       1.65327207E-09
   2.29250002       1.51327095E-09
   2.29600000       1.35431444E-09
   2.29949999       1.17910071E-09
   2.30299997       9.90574622E-10
   2.30649996       7.91870958E-10
   2.31000018       5.86253490E-10
   2.31350017       3.77052972E-10
   2.31700015       1.67604181E-10
   2.32050014      -3.88159956E-11
   2.32400012      -2.39048503E-10
   2.32750010      -4.30108837E-10
   2.33100009      -6.09239215E-10
   2.33450007      -7.73955622E-10
   2.33800006      -9.22088073E-10
   2.34150004      -1.05181441E-09
   2.34500003      -1.16168597E-09
   2.34850001      -1.25064548E-09
   2.35200000      -1.31803690E-09
   2.35549998      -1.36360612E-09
   2.35899997      -1.38749467E-09
   2.36250019      -1.39022471E-09
   2.36600018      -1.37267708E-09
   2.36950016      -1.33606226E-09
   2.37300014      -1.28188560E-09
   2.37650013      -1.21190791E-09
   2.38000011      -1.12810072E-09
   2.38350010      -1.03259989E-09
   2.38700008      -9.27656063E-10
   2.39050007      -8.15585488E-10
   2.39400005      -6.98720082E-10
   2.39750004      -5.79359283E-10
   2.40100002      -4.59724592E-10
   2.40450001      -3.41916745E-10
   2.40799999      -2.27877855E-10
   2.41149998      -1.19357954E-10
   2.41499996      -1.78873288E-11
   2.41850019       7.52452475E-11
   2.42200017       1.59007890E-10
   2.42550015       2.32634606E-10
   2.42900014       2.95627661E-10
   2.43250012       3.47753853E-10
   2.43600011       3.89034527E-10
   2.43950009       4.19730084E-10
   2.44300008       4.40319614E-10
   2.44650006       4.51475829E-10
   2.45000005       4.54036614E-10
   2.45350003       4.48973692E-10
   2.45700002       4.37359399E-10
   2.46050000       4.20332241E-10
   2.46399999       3.99062561E-10
   2.46749997       3.74718673E-10
   2.47100019       3.48434698E-10
   2.47450018       3.21280724E-10
   2.47800016       2.94235969E-10
   2.48150015       2.68165545E-10
   2.48500013       2.43801396E-10
   2.48850012       2.21727844E-10
   2.49200010       2.02371633E-10
   2.49550009       1.85997218E-10
   2.49900007       1.72706668E-10
   2.50250006       1.62444433E-10
   2.50600004       1.55006716E-10
   2.50950003       1.50054760E-10
   2.51300001       1.47132126E-10
   2.51650000       1.45684798E-10
   2.51999998       1.45083986E-10
   2.52349997       1.44650694E-10
   2.52700019       1.43681372E-10
   2.53050017       1.41473944E-10
   2.53400016       1.37353490E-10
   2.53750014       1.30696814E-10
   2.54100013       1.20955301E-10
   2.54450011       1.07675313E-10
   2.54800010       9.05157130E-11
   2.55150008       6.92620336E-11
   2.55500007       4.38368022E-11
   2.55850005       1.43058594E-11
   2.56200004      -1.91194682E-11
   2.56550002      -5.60844808E-11
   2.56900001      -9.60973454E-11
   2.57249999      -1.38539361E-10
   2.57599998      -1.82678872E-10
   2.57950020      -2.27688562E-10
   2.58300018      -2.72665612E-10
   2.58650017      -3.16654147E-10
   2.59000015      -3.58669427E-10
   2.59350014      -3.97723271E-10
   2.59700012      -4.32849617E-10
   2.60050011      -4.63130256E-10
   2.60400009      -4.87719254E-10
   2.60750008      -5.05866238E-10
   2.61100006      -5.16937160E-10
   2.61450005      -5.20432641E-10
   2.61800003      -5.16003185E-10
   2.62150002      -5.03460662E-10
   2.62500000      -4.82786089E-10
   2.62849998      -4.54133370E-10
   2.63199997      -4.17828716E-10
   2.63550019      -3.74366121E-10
   2.63900018      -3.24398758E-10
   2.64250016      -2.68726291E-10
   2.64600015      -2.08278991E-10
   2.64950013      -1.44098414E-10
   2.65300012      -7.73154665E-11
   2.65650010      -9.12629260E-12
   2.66000009       5.92334654E-11
   2.66350007       1.26515395E-10
   2.66700006       1.91485452E-10
   2.67050004       2.52950744E-10
   2.67400002       3.09785392E-10
   2.67750001       3.60955127E-10
   2.68099999       4.05539435E-10
   2.68449998       4.42751363E-10
   2.68800020       4.71954253E-10
   2.69150019       4.92674956E-10
   2.69500017       5.04613573E-10
   2.69850016       5.07648867E-10
   2.70200014       5.01840292E-10
   2.70550013       4.87425322E-10
   2.70900011       4.64813382E-10
   2.71250010       4.34575625E-10
   2.71600008       3.97431449E-10
   2.71950006       3.54231866E-10
   2.72300005       3.05939746E-10
   2.72650003       2.53608357E-10
   2.73000002       1.98357594E-10
   2.73350000       1.41349363E-10
   2.73699999       8.37621708E-11
   2.74049997       2.67656158E-11
   2.74400020      -2.85044262E-11
   2.74750018      -8.09697032E-11
   2.75100017      -1.29631805E-10
   2.75450015      -1.73592266E-10
   2.75800014      -2.12070264E-10
   2.76150012      -2.44417347E-10
   2.76500010      -2.70129030E-10
   2.76850009      -2.88853025E-10
   2.77200007      -3.00394015E-10
   2.77550006      -3.04714726E-10
   2.77900004      -3.01933756E-10
   2.78250003      -2.92319668E-10
   2.78600001      -2.76282164E-10
   2.78950000      -2.54360089E-10
   2.79299998      -2.27207114E-10
   2.79649997      -1.95574737E-10
   2.80000019      -1.60293889E-10
   2.80350018      -1.22254956E-10
   2.80700016      -8.23868890E-11
   2.81050014      -4.16360939E-11
   2.81400013      -9.45202033E-13
   2.81750011       3.87674476E-11
   2.82100010       7.66273919E-11
   2.82450008       1.11822170E-10
   2.82800007       1.43617646E-10
   2.83150005       1.71372236E-10
   2.83500004       1.94548697E-10
   2.83850002       2.12723394E-10
   2.84200001       2.25592697E-10
   2.84549999       2.32976749E-10
   2.84899998       2.34820219E-10
   2.85250020       2.31190511E-10
   2.85600019       2.22273103E-10
   2.85950017       2.08364576E-10
   2.86300015       1.89863333E-10
   2.86650014       1.67258402E-10
   2.87000012       1.41116535E-10
   2.87350011       1.12067980E-10
   2.87700009       8.07913250E-11
   2.88050008       4.79976996E-11
   2.88400006       1.44147845E-11
   2.88750005      -1.92290784E-11
   2.89100003      -5.22202906E-11
   2.89450002      -8.38745948E-11
   2.89800000      -1.13550599E-10
   2.90149999      -1.40661940E-10
   2.90499997      -1.64687861E-10
   2.90850019      -1.85182092E-10
   2.91200018      -2.01779871E-10
   2.91550016      -2.14202878E-10
   2.91900015      -2.22262472E-10
   2.92250013      -2.25860622E-10
   2.92600012      -2.24989236E-10
   2.92950010      -2.19727500E-10
   2.93300009      -2.10237591E-10
   2.93650007      -1.96758915E-10
   2.94000006      -1.79600973E-10
   2.94350004      -1.59135177E-10
   2.94700003      -1.35785785E-10
   2.95050001      -1.10020160E-10
   2.95400000      -8.23386012E-11
   2.95749998      -5.32640806E-11
   2.96100020      -2.33319562E-11
   2.96450019       6.92005481E-12
   2.96800017       3.69614582E-11
   2.97150016       6.62779553E-11
   2.97500014       9.43796916E-11
   2.97850013       1.20808613E-10
   2.98200011       1.45144924E-10
   2.98550010       1.67012473E-10
   2.98900008       1.86083191E-10
   2.99250007       2.02080380E-10
   2.99600005       2.14781054E-10
   2.99950004       2.24017319E-10
   3.00300002       2.29676667E-10
   3.00650001       2.31701630E-10
   3.00999999       2.30088476E-10
   3.01349998       2.24885333E-10
   3.01700020       2.16189719E-10
   3.02050018       2.04145451E-10
   3.02400017       1.88939406E-10
   3.02750015       1.70797751E-10
   3.03100014       1.49982013E-10
   3.03450012       1.26785110E-10
   3.03800011       1.01527134E-10
   3.04150009       7.45511916E-11
   3.04500008       4.62192160E-11
   3.04850006       1.69078085E-11
   3.05200005      -1.29958605E-11
   3.05550003      -4.30981223E-11
   3.05900002      -7.30028052E-11
   3.06250000      -1.02315205E-10
   3.06599998      -1.30645980E-10
   3.06950021      -1.57615060E-10
   3.07300019      -1.82855550E-10
   3.07650018      -2.06017495E-10
   3.08000016      -2.26771837E-10
   3.08350015      -2.44814141E-10
   3.08700013      -2.59868460E-10
   3.09050012      -2.71690948E-10
   3.09400010      -2.80073548E-10
   3.09750009      -2.84847479E-10
   3.10100007      -2.85886426E-10
   3.10450006      -2.83109508E-10
   3.10800004      -2.76483975E-10
   3.11150002      -2.66027367E-10
   3.11500001      -2.51809268E-10
   3.11849999      -2.33952302E-10
   3.12199998      -2.12632634E-10
   3.12550020      -1.88079580E-10
   3.12900019      -1.60574554E-10
   3.13250017      -1.30448985E-10
   3.13600016      -9.80813764E-11
   3.13950014      -6.38935155E-11
   3.14300013      -2.83456314E-11
   3.14650011       8.06927268E-12
   3.15000010       4.48320027E-11
   3.15350008       8.14045290E-11
   3.15700006       1.17238053E-10
   3.16050005       1.51781698E-10
   3.16400003       1.84491603E-10
   3.16750002       2.14840326E-10
   3.17100000       2.42326409E-10
   3.17449999       2.66483807E-10
   3.17800021       2.86891205E-10
   3.18150020       3.03180619E-10
   3.18500018       3.15045573E-10
   3.18850017       3.22248311E-10
   3.19200015       3.24625909E-10
   3.19550014       3.22095267E-10
   3.19900012       3.14656634E-10
   3.20250010       3.02395692E-10
   3.20600009       2.85483970E-10
   3.20950007       2.64177680E-10
   3.21300006       2.38814662E-10
   3.21650004       2.09809919E-10
   3.22000003       1.77649215E-10
   3.22350001       1.42881235E-10
   3.22700000       1.06108282E-10
   3.23049998       6.79756390E-11
   3.23400021       2.91598898E-11
   3.23750019      -9.64371291E-12
   3.24100018      -4.77344761E-11
   3.24450016      -8.44198808E-11
   3.24800014      -1.19029245E-10
   3.25150013      -1.50927257E-10
   3.25500011      -1.79526907E-10
   3.25850010      -2.04301659E-10
   3.26200008      -2.24796654E-10
   3.26550007      -2.40638398E-10
   3.26900005      -2.51543064E-10
   3.27250004      -2.57322802E-10
   3.27600002      -2.57890487E-10
   3.27950001      -2.53261939E-10
   3.28299999      -2.43556342E-10
   3.28650022      -2.28994393E-10
   3.29000020      -2.09894171E-10
   3.29350019      -1.86665058E-10
   3.29700017      -1.59799618E-10
   3.30050015      -1.29863564E-10
   3.30400014      -9.74842360E-11
   3.30750012      -6.33375713E-11
   3.31100011      -2.81340090E-11
   3.31450009       7.39639686E-12
   3.31800008       4.25193908E-11
   3.32150006       7.65120398E-11
   3.32500005       1.08678094E-10
   3.32850003       1.38362766E-10
   3.33200002       1.64966624E-10
   3.33550000       1.87958413E-10
   3.33899999       2.06886203E-10
   3.34250021       2.21386937E-10
   3.34600019       2.31194022E-10
   3.34950018       2.36142661E-10
   3.35300016       2.36173109E-10
   3.35650015       2.31331398E-10
   3.36000013       2.21767868E-10
   3.36350012       2.07733303E-10
   3.36700010       1.89572788E-10
   3.37050009       1.67717562E-10
   3.37400007       1.42674900E-10
   3.37750006       1.15016330E-10
   3.38100004       8.53644169E-11
   3.38450003       5.43785086E-11
   3.38800001       2.27396608E-11
   3.39150000      -8.86485503E-12
   3.39500022      -3.97571004E-11
   3.39850020      -6.92837177E-11
   3.40200019      -9.68305366E-11
   3.40550017      -1.21836222E-10
   3.40900016      -1.43804552E-10
   3.41250014      -1.62315203E-10
   3.41600013      -1.77032680E-10
   3.41950011      -1.87713178E-10
   3.42300010      -1.94209301E-10
   3.42650008      -1.96472533E-10
   3.43000007      -1.94553346E-10
   3.43350005      -1.88598998E-10
   3.43700004      -1.78849047E-10
   3.44050002      -1.65628816E-10
   3.44400001      -1.49340804E-10
   3.44749999      -1.30454342E-10
   3.45100021      -1.09493831E-10
   3.45450020      -8.70256645E-11
   3.45800018      -6.36443120E-11
   3.46150017      -3.99578218E-11
   3.46500015      -1.65731179E-11
   3.46850014       5.91857466E-12
   3.47200012       2.69558143E-11
   3.47550011       4.60202154E-11
   3.47900009       6.26485946E-11
   3.48250008       7.64436917E-11
   3.48600006       8.70832503E-11
   3.48950005       9.43272405E-11
   3.49300003       9.80230341E-11
   3.49650002       9.81084450E-11
   3.50000000       9.46126233E-11
   3.50350022       8.76546821E-11
   3.50700021       7.74402487E-11
   3.51050019       6.42558784E-11
   3.51400018       4.84616375E-11
   3.51750016       3.04819434E-11
   3.52100015       1.07949092E-11
   3.52450013      -1.00794902E-11
   3.52800012      -3.15922150E-11
   3.53150010      -5.31785310E-11
   3.53500009      -7.42716999E-11
   3.53850007      -9.43165754E-11
   3.54200006      -1.12782901E-10
   3.54550004      -1.29177835E-10
   3.54900002      -1.43057594E-10
   3.55250001      -1.54037741E-10
   3.55599999      -1.61802113E-10
   3.55950022      -1.66109959E-10
   3.56300020      -1.66801295E-10
   3.56650019      -1.63800321E-10
   3.57000017      -1.57116792E-10
   3.57350016      -1.46845383E-10
   3.57700014      -1.33163092E-10
   3.58050013      -1.16324679E-10
   3.58400011      -9.66563982E-11
   3.58750010      -7.45480691E-11
   3.59100008      -5.04437742E-11
   3.59450006      -2.48313540E-11
   3.59800005       1.76894599E-12
   3.60150003       2.88165082E-11
   3.60500002       5.57626827E-11
   3.60850000       8.20631688E-11
   3.61200023       1.07190139E-10
   3.61550021       1.30643857E-10
   3.61900020       1.51963442E-10
   3.62250018       1.70736619E-10
   3.62600017       1.86608257E-10
   3.62950015       1.99287351E-10
   3.63300014       2.08552606E-10
   3.63650012       2.14256127E-10
   3.64000010       2.16325569E-10
   3.64350009       2.14764415E-10
   3.64700007       2.09650505E-10
   3.65050006       2.01133027E-10
   3.65400004       1.89427835E-10
   3.65750003       1.74811360E-10
   3.66100001       1.57613325E-10
   3.66450000       1.38208417E-10
   3.66800022       1.17007057E-10
   3.67150021       9.44456874E-11
   3.67500019       7.09765996E-11
   3.67850018       4.70577848E-11
   3.68200016       2.31428418E-11
   3.68550014      -3.28697085E-13
   3.68900013      -2.29404464E-11
   3.69250011      -4.43074362E-11
   3.69600010      -6.40834261E-11
   3.69950008      -8.19670790E-11
   3.70300007      -9.77068981E-11
   3.70650005      -1.11104861E-10
   3.71000004      -1.22018687E-10
   3.71350002      -1.30362734E-10
   3.71700001      -1.36107528E-10
   3.72050023      -1.39277978E-10
   3.72400022      -1.39950510E-10
   3.72750020      -1.38248954E-10
   3.73100019      -1.34339567E-10
   3.73450017      -1.28425243E-10
   3.73800015      -1.20739169E-10
   3.74150014      -1.11537904E-10
   3.74500012      -1.01094397E-10
   3.74850011      -8.96908173E-11
   3.75200009      -7.76115769E-11
   3.75550008      -6.51366253E-11
   3.75900006      -5.25352470E-11
   3.76250005      -4.00604376E-11
   3.76600003      -2.79439822E-11
   3.76950002      -1.63924083E-11
   3.77300000      -5.58377997E-12
   3.77650023       4.33455962E-12
   3.78000021       1.32472930E-11
   3.78350019       2.10715126E-11
   3.78700018       2.77562001E-11
   3.79050016       3.32808711E-11
   3.79400015       3.76534706E-11
   3.79750013       4.09076176E-11
   3.80100012       4.30993193E-11
   3.80450010       4.43032555E-11
   3.80800009       4.46088375E-11
   3.81150007       4.41160754E-11
   3.81500006       4.29314848E-11
   3.81850004       4.11640999E-11
   3.82200003       3.89217547E-11
   3.82550001       3.63077103E-11
   3.82900023       3.34177373E-11
   3.83250022       3.03377219E-11
   3.83600020       2.71418651E-11
   3.83950019       2.38914773E-11
   3.84300017       2.06344195E-11
   3.84650016       1.74051502E-11
   3.85000014       1.42253570E-11
   3.85350013       1.11051472E-11
   3.85700011       8.04468384E-12
   3.86050010       5.03622664E-12
   3.86400008       2.06646852E-12
   3.86750007      -8.80943376E-13
   3.87100005      -3.82279278E-12
   3.87450004      -6.77370963E-12
   3.87800002      -9.74371365E-12
   3.88150001      -1.27359972E-11
   3.88500023      -1.57450303E-11
   3.88850021      -1.87550826E-11
   3.89200020      -2.17392129E-11
   3.89550018      -2.46587906E-11
   3.89900017      -2.74635818E-11
   3.90250015      -3.00923834E-11
   3.90600014      -3.24742490E-11
   3.90950012      -3.45302294E-11
   3.91300011      -3.61755938E-11
   3.91650009      -3.73225062E-11
   3.92000008      -3.78829988E-11
   3.92350006      -3.77722298E-11
   3.92700005      -3.69118625E-11
   3.93050003      -3.52334655E-11
   3.93400002      -3.26818676E-11
   3.93750024      -2.92182528E-11
   3.94100022      -2.48229735E-11
   3.94450021      -1.94979380E-11
   3.94800019      -1.32684592E-11
   3.95150018      -6.18451731E-12
   3.95500016       1.67865797E-12
   3.95850015       1.02207158E-11
   3.96200013       1.93170653E-11
   3.96550012       2.88205033E-11
   3.96900010       3.85635794E-11
   3.97250009       4.83616584E-11
   3.97600007       5.80166123E-11
   3.97950006       6.73210931E-11
   3.98300004       7.60632043E-11
   3.98650002       8.40316011E-11
   3.99000001       9.10207257E-11
   3.99350023       9.68361641E-11
   3.99700022       1.01299906E-10
   4.00050020       1.04255445E-10
   4.00400019       1.05572454E-10
   4.00750017       1.05151041E-10
   4.01100016       1.02925300E-10
   4.01450014       9.88662485E-11
   4.01800013       9.29837943E-11
   4.02150011       8.53279461E-11
   4.02500010       7.59889165E-11
   4.02850008       6.50963727E-11
   4.03200006       5.28176010E-11
   4.03550005       3.93547347E-11
   4.03900003       2.49410770E-11
   4.04250002       9.83653783E-12
   4.04600000      -5.67765843E-12
   4.04949999      -2.13049023E-11
   4.05299997      -3.67396391E-11
   4.05649996      -5.16741372E-11
   4.05999994      -6.58054791E-11
   4.06349993      -7.88425020E-11
   4.06699991      -9.05126737E-11
   4.07049990      -1.00568547E-10
   4.07400036      -1.08793773E-10
   4.07750034      -1.15008461E-10
   4.08100033      -1.19073751E-10
   4.08450031      -1.20895419E-10
   4.08800030      -1.20426585E-10
   4.09150028      -1.17669208E-10
   4.09500027      -1.12674502E-10
   4.09850025      -1.05542249E-10
   4.10200024      -9.64188104E-11
   4.10550022      -8.54941742E-11
   4.10900021      -7.29978716E-11
   4.11250019      -5.91939414E-11
   4.11600018      -4.43750453E-11
   4.11950016      -2.88559298E-11
   4.12300014      -1.29662539E-11
   4.12650013       2.95690252E-12
   4.13000011       1.85767495E-11
   4.13350010       3.35645123E-11
   4.13700008       4.76069739E-11
   4.14050007       6.04136602E-11
   4.14400005       7.17235021E-11
   4.14750004       8.13107567E-11
   4.15100002       8.89901625E-11
   4.15450001       9.46210124E-11
   4.15799999       9.81102838E-11
   4.16149998       9.94145044E-11
   4.16499996       9.85405299E-11
   4.16849995       9.55450094E-11
   4.17199993       9.05327480E-11
   4.17549992       8.36538755E-11
   4.17899990       7.50999263E-11
   4.18250036       6.50989609E-11
   4.18600035       5.39098245E-11
   4.18950033       4.18156863E-11
   4.19300032       2.91170421E-11
   4.19650030       1.61243345E-11
   4.20000029       3.15036322E-12
   4.20350027      -9.49726235E-12
   4.20700026      -2.15235295E-11
   4.21050024      -3.26530331E-11
   4.21400023      -4.26364603E-11
   4.21750021      -5.12563707E-11
   4.22100019      -5.83321447E-11
   4.22450018      -6.37239636E-11
   4.22800016      -6.73357620E-11
   4.23150015      -6.91170454E-11
   4.23500013      -6.90635535E-11
   4.23850012      -6.72168085E-11
   4.24200010      -6.36624573E-11
   4.24550009      -5.85275786E-11
   4.24900007      -5.19769644E-11
   4.25250006      -4.42084633E-11
   4.25600004      -3.54476067E-11
   4.25950003      -2.59415406E-11
   4.26300001      -1.59524980E-11
   4.26650000      -5.75097305E-12
   4.26999998       4.39125038E-12
   4.27349997       1.42080098E-11
   4.27699995       2.34454556E-11
   4.28049994       3.18683552E-11
   4.28399992       3.92658232E-11
   4.28749990       4.54563921E-11
   4.29100037       5.02922391E-11
   4.29450035       5.36625085E-11
   4.29800034       5.54956324E-11
   4.30150032       5.57606426E-11
   4.30500031       5.44673646E-11
   4.30850029       5.16656093E-11
   4.31200027       4.74432993E-11
   4.31550026       4.19236694E-11
   4.31900024       3.52615576E-11
   4.32250023       2.76389380E-11
   4.32600021       1.92598125E-11
   4.32950020       1.03445854E-11
   4.33300018       1.12410569E-12
   4.33650017      -8.16649786E-12
   4.34000015      -1.72939978E-11
   4.34350014      -2.60331097E-11
   4.34700012      -3.41722414E-11
   4.35050011      -4.15187884E-11
   4.35400009      -4.79038753E-11
   4.35750008      -5.31863512E-11
   4.36100006      -5.72560506E-11
   4.36450005      -6.00361150E-11
   4.36800003      -6.14844703E-11
   4.37150002      -6.15942575E-11
   4.37500000      -6.03934125E-11
   4.37849998      -5.79432370E-11
   4.38199997      -5.43361640E-11
   4.38549995      -4.96926528E-11
   4.38899994      -4.41574416E-11
   4.39249992      -3.78951454E-11
   4.39599991      -3.10854224E-11
   4.39950037      -2.39178018E-11
   4.40300035      -1.65863035E-11
   4.40650034      -9.28406137E-12
   4.41000032      -2.19802518E-12
   4.41350031       4.49606324E-12
   4.41700029       1.06383010E-11
   4.42050028       1.60887432E-11
   4.42400026       2.07308944E-11
   4.42750025       2.44744884E-11
   4.43100023       2.72574758E-11
   4.43450022       2.90472021E-11
   4.43800020       2.98407063E-11
   4.44150019       2.96641947E-11
   4.44500017       2.85716589E-11
   4.44850016       2.66427522E-11
   4.45200014       2.39799205E-11
   4.45550013       2.07049360E-11
   4.45900011       1.69549028E-11
   4.46250010       1.28778689E-11
   4.46600008       8.62817977E-12
   4.46950006       4.36168809E-12
   4.47300005       2.30978051E-13
   4.47650003      -3.61926461E-12
   4.48000002      -7.05660443E-12
   4.48350000      -9.96480762E-12
   4.48699999      -1.22472744E-11
   4.49049997      -1.38298661E-11
   4.49399996      -1.46630364E-11
   4.49749994      -1.47232122E-11
   4.50099993      -1.40133989E-11
   4.50449991      -1.25629672E-11
   4.50800037      -1.04266613E-11
   4.51150036      -7.68283787E-12
   4.51500034      -4.43099897E-12
   4.51850033      -7.88682975E-13
   4.52200031       3.11218412E-12
   4.52550030       7.12938042E-12
   4.52900028       1.11147992E-11
   4.53250027       1.49190521E-11
   4.53600025       1.83961284E-11
   4.53950024       2.14079848E-11
   4.54300022       2.38289145E-11
   4.54650021       2.55495868E-11
   4.55000019       2.64806285E-11
   4.55350018       2.65556362E-11
   4.55700016       2.57335507E-11
   4.56050014       2.40003000E-11
   4.56400013       2.13696665E-11
   4.56750011       1.78833597E-11
   4.57100010       1.36102674E-11
   4.57450008       8.64491638E-12
   4.57800007       3.10518451E-12
   4.58150005      -2.87069500E-12
   4.58500004      -9.12774110E-12
   4.58850002      -1.54983509E-11
   4.59200001      -2.18068376E-11
   4.59549999      -2.78742446E-11
   4.59899998      -3.35233126E-11
   4.60249996      -3.85834767E-11
   4.60599995      -4.28956939E-11
   4.60949993      -4.63170682E-11
   4.61299992      -4.87250379E-11
   4.61650038      -5.00210741E-11
   4.62000036      -5.01337721E-11
   4.62350035      -4.90212003E-11
   4.62700033      -4.66725304E-11
   4.63050032      -4.31087943E-11
   4.63400030      -3.83828212E-11
   4.63750029      -3.25782873E-11
   4.64100027      -2.58079755E-11
   4.64450026      -1.82111912E-11
   4.64800024      -9.95047707E-12
   4.65150023      -1.20768044E-12
   4.65500021       7.82053502E-12
   4.65850019       1.69275982E-11
   4.66200018       2.59022352E-11
   4.66550016       3.45338376E-11
   4.66900015       4.26178502E-11
   4.67250013       4.99610214E-11
   4.67600012       5.63864060E-11
   4.67950010       6.17379481E-11
   4.68300009       6.58845548E-11
   4.68650007       6.87235269E-11
   4.69000006       7.01832689E-11
   4.69350004       7.02251798E-11
   4.69700003       6.88447355E-11
   4.70050001       6.60716343E-11
   4.70400000       6.19690688E-11
   4.70749998       5.66321885E-11
   4.71099997       5.01856091E-11
   4.71449995       4.27802828E-11
   4.71799994       3.45896020E-11
   4.72149992       2.58049623E-11
   4.72500038       1.66308460E-11
   4.72850037       7.27958319E-12
   4.73200035      -2.03407994E-12
   4.73550034      -1.10984607E-11
   4.73900032      -1.97103254E-11
   4.74250031      -2.76800232E-11
   4.74600029      -3.48362519E-11
   4.74950027      -4.10303111E-11
   4.75300026      -4.61397413E-11
   4.75650024      -5.00712458E-11
   4.76000023      -5.27628358E-11
   4.76350021      -5.41851009E-11
   4.76700020      -5.43416284E-11
   4.77050018      -5.32685319E-11
   4.77400017      -5.10331014E-11
   4.77750015      -4.77316103E-11
   4.78100014      -4.34863916E-11
   4.78450012      -3.84421800E-11
   4.78800011      -3.27618974E-11
   4.79150009      -2.66219616E-11
   4.79500008      -2.02072577E-11
   4.79850006      -1.37059027E-11
   4.80200005      -7.30395692E-12
   4.80550003      -1.18023571E-12
   4.80900002       4.49865882E-12
   4.81250000       9.58292907E-12
   4.81599998       1.39436752E-11
   4.81949997       1.74763849E-11
   4.82299995       2.01037069E-11
   4.82649994       2.17774514E-11
   4.82999992       2.24797524E-11
   4.83350039       2.22233482E-11
   4.83700037       2.10510012E-11
   4.84050035       1.90340469E-11
   4.84400034       1.62701241E-11
   4.84750032       1.28801527E-11
   4.85100031       9.00462517E-12
   4.85450029       4.79934495E-12
   4.85800028       4.30703731E-13
   4.86150026      -3.92935684E-12
   4.86500025      -8.10855983E-12
   4.86850023      -1.19395388E-11
   4.87200022      -1.52649646E-11
   4.87550020      -1.79424097E-11
   4.87900019      -1.98488066E-11
   4.88250017      -2.08843845E-11
   4.88600016      -2.09759467E-11
   4.88950014      -2.00794225E-11
   4.89300013      -1.81815882E-11
   4.89650011      -1.53009255E-11
   4.90000010      -1.14875618E-11
   4.90350008      -6.82232092E-12
   4.90700006      -1.41486432E-12
   4.91050005       4.59900130E-12
   4.91400003       1.10608016E-11
   4.91750002       1.77935600E-11
   4.92100000       2.46065425E-11
   4.92449999       3.13004553E-11
   4.92799997       3.76729724E-11
   4.93149996       4.35243994E-11
   4.93499994       4.86633824E-11
   4.93849993       5.29124487E-11
   4.94200039       5.61132703E-11
   4.94550037       5.81314476E-11
   4.94900036       5.88607635E-11
   4.95250034       5.82266804E-11
   4.95600033       5.61890708E-11
   4.95950031       5.27440418E-11
   4.96300030       4.79248134E-11
   4.96650028       4.18016177E-11
   4.97000027       3.44806059E-11
   4.97350025       2.61017718E-11
   4.97700024       1.68359701E-11
   4.98050022       6.88104565E-12
   4.98400021      -3.54278130E-12
   4.98750019      -1.41981982E-11
   4.99100018      -2.48365946E-11
   4.99450016      -3.52042388E-11
   4.99800014      -4.50486662E-11
   5.00150013      -5.41251176E-11
   5.00500011      -6.22028609E-11
   5.00850010      -6.90712487E-11
   5.01200008      -7.45452935E-11
   5.01550007      -7.84706952E-11
   5.01900005      -8.07281048E-11
   5.02250004      -8.12365869E-11
   5.02600002      -7.99560904E-11
   5.02950001      -7.68889466E-11
   5.03299999      -7.20803070E-11
   5.03649998      -6.56174767E-11
   5.03999996      -5.76282078E-11
   5.04349995      -4.82779476E-11
   5.04699993      -3.77661166E-11
   5.05050039      -2.63215127E-11
   5.05400038      -1.41969431E-11
   5.05750036      -1.66321980E-12
   5.06100035       1.09973324E-11
   5.06450033       2.34976934E-11
   5.06800032       3.55531195E-11
   5.07150030       4.68880837E-11
   5.07500029       5.72430402E-11
   5.07850027       6.63807967E-11
   5.08200026       7.40923503E-11
   5.08550024       8.02020811E-11
   5.08900023       8.45720646E-11
   5.09250021       8.71055381E-11
   5.09600019       8.77492523E-11
   5.09950018       8.64948460E-11
   5.10300016       8.33790467E-11
   5.10650015       7.84827481E-11
   5.11000013       7.19290183E-11
   5.11350012       6.38800193E-11
   5.11700010       5.45329996E-11
   5.12050009       4.41153815E-11
   5.12400007       3.28790987E-11
   5.12750006       2.10943450E-11
   5.13100004       9.04286715E-12
   5.13450003      -2.98901832E-12
   5.13800001      -1.47175102E-11
   5.14150000      -2.58683283E-11
   5.14499998      -3.61834555E-11
   5.14849997      -4.54274673E-11
   5.15199995      -5.33932586E-11
   5.15549994      -5.99070585E-11
   5.15900040      -6.48325629E-11
   5.16250038      -6.80741297E-11
   5.16600037      -6.95789468E-11
   5.16950035      -6.93380492E-11
   5.17300034      -6.73862979E-11
   5.17650032      -6.38012004E-11
   5.18000031      -5.87006901E-11
   5.18350029      -5.22398375E-11
   5.18700027      -4.46066795E-11
   5.19050026      -3.60172170E-11
   5.19400024      -2.67097212E-11
   5.19750023      -1.69384992E-11
   5.20100021      -6.96728352E-12
   5.20450020       2.93758637E-12
   5.20800018       1.25140098E-11
   5.21150017       2.15108330E-11
   5.21500015       2.96942297E-11
   5.21850014       3.68536174E-11
   5.22200012       4.28069281E-11
   5.22550011       4.74051319E-11
   5.22900009       5.05358810E-11
   5.23250008       5.21261645E-11
   5.23600006       5.21439836E-11
   5.23950005       5.05989070E-11
   5.24300003       4.75415853E-11
   5.24650002       4.30621858E-11
   5.25000000       3.72878117E-11
   5.25349998       3.03790014E-11
   5.25699997       2.25253531E-11
   5.26049995       1.39404365E-11
   5.26399994       4.85609860E-12
   5.26750040      -4.48366604E-12
   5.27100039      -1.38291305E-11
   5.27450037      -2.29313686E-11
   5.27800035      -3.15487289E-11
   5.28150034      -3.94530901E-11
   5.28500032      -4.64357337E-11
   5.28850031      -5.23126681E-11
   5.29200029      -5.69293050E-11
   5.29550028      -6.01643318E-11
   5.29900026      -6.19326951E-11
   5.30250025      -6.21876439E-11
   5.30600023      -6.09217607E-11
   5.30950022      -5.81669574E-11
   5.31300020      -5.39934417E-11
   5.31650019      -4.85077395E-11
   5.32000017      -4.18497216E-11
   5.32350016      -3.41888358E-11
   5.32700014      -2.57195584E-11
   5.33050013      -1.66562424E-11
   5.33400011      -7.22746992E-12
   5.33750010       2.32992900E-12
   5.34100008       1.17770333E-11
   5.34450006       2.08790051E-11
   5.34800005       2.94111159E-11
   5.35150003       3.71644798E-11
   5.35500002       4.39513252E-11
   5.35850000       4.96096879E-11
   5.36199999       5.40074201E-11
   5.36549997       5.70453511E-11
   5.36899996       5.86596327E-11
   5.37249994       5.88230853E-11
   5.37600040       5.75456280E-11
   5.37950039       5.48737236E-11
   5.38300037       5.08888626E-11
   5.38650036       4.57051827E-11
   5.39000034       3.94662254E-11
   5.39350033       3.23409771E-11
   5.39700031       2.45192460E-11
   5.40050030       1.62065864E-11
   5.40400028       7.61880836E-12
   5.40750027      -1.02370423E-12
   5.41100025      -9.50175442E-12
   5.41450024      -1.76030093E-11
   5.41800022      -2.51274383E-11
   5.42150021      -3.18923915E-11
   5.42500019      -3.77371571E-11
   5.42850018      -4.25269125E-11
   5.43200016      -4.61559541E-11
   5.43550014      -4.85501153E-11
   5.43900013      -4.96683597E-11
   5.44250011      -4.95034604E-11
   5.44600010      -4.80817781E-11
   5.44950008      -4.54621757E-11
   5.45300007      -4.17340780E-11
   5.45650005      -3.70147246E-11
   5.46000004      -3.14457349E-11
   5.46350002      -2.51890661E-11
   5.46700001      -1.84224545E-11
   5.47049999      -1.13345071E-11
   5.47399998      -4.11954368E-12
   5.47749996       3.02764563E-12
   5.48099995       9.91700298E-12
   5.48449993       1.63682193E-11
   5.48800039       2.22154291E-11
   5.49150038       2.73114777E-11
   5.49500036       3.15316141E-11
   5.49850035       3.47765670E-11
   5.50200033       3.69748711E-11
   5.50550032       3.80844488E-11
   5.50900030       3.80933479E-11
   5.51250029       3.70196755E-11
   5.51600027       3.49107167E-11
   5.51950026       3.18412623E-11
   5.52300024       2.79112237E-11
   5.52650023       2.32425763E-11
   5.53000021       1.79757494E-11
   5.53350019       1.22655436E-11
   5.53700018       6.27671439E-12
   5.54050016       1.79322025E-13
   5.54400015      -5.85600188E-12
   5.54750013      -1.16627541E-11
   5.55100012      -1.70830902E-11
   5.55450010      -2.19720665E-11
   5.55800009      -2.62014802E-11
   5.56150007      -2.96631920E-11
   5.56500006      -3.22718831E-11
   5.56850004      -3.39671104E-11
   5.57200003      -3.47146895E-11
   5.57550001      -3.45072998E-11
   5.57900000      -3.33643599E-11
   5.58249998      -3.13311391E-11
   5.58599997      -2.84771651E-11
   5.58949995      -2.48939775E-11
   5.59299994      -2.06922760E-11
   5.59650040      -1.59985653E-11
   5.60000038      -1.09513952E-11
   5.60350037      -5.69728899E-12
   5.60700035      -3.86502923E-13
   5.61050034       4.83128945E-12
   5.61400032       9.81124904E-12
   5.61750031       1.44174447E-11
   5.62100029       1.85266334E-11
   5.62450027       2.20316491E-11
   5.62800026       2.48442968E-11
   5.63150024       2.68976785E-11
   5.63500023       2.81478937E-11
   5.63850021       2.85750607E-11
   5.64200020       2.81836464E-11
   5.64550018       2.70020811E-11
   5.64900017       2.50817023E-11
   5.65250015       2.24950249E-11
   5.65600014       1.93334255E-11
   5.65950012       1.57042938E-11
   5.66300011       1.17277264E-11
   5.66650009       7.53288491E-12
   5.67000008       3.25410423E-12
   5.67350006      -9.73132816E-13
   5.67700005      -5.01622919E-12
   5.68050003      -8.74940918E-12
   5.68400002      -1.20574375E-11
   5.68750000      -1.48390137E-11
   5.69099998      -1.70097582E-11
   5.69449997      -1.85046770E-11
   5.69799995      -1.92800671E-11
   5.70149994      -1.93147859E-11
   5.70500040      -1.86108594E-11
   5.70850039      -1.71933995E-11
   5.71200037      -1.51098561E-11
   5.71550035      -1.24286016E-11
   5.71900034      -9.23689857E-12
   5.72250032      -5.63831230E-12
   5.72600031      -1.74963939E-12
   5.72950029       2.30256504E-12
   5.73300028       6.38575260E-12
   5.73650026       1.03653371E-11
   5.74000025       1.41087263E-11
   5.74350023       1.74893103E-11
   5.74700022       2.03902988E-11
   5.75050020       2.27082814E-11
   5.75400019       2.43564353E-11
   5.75750017       2.52672432E-11
   5.76100016       2.53946985E-11
   5.76450014       2.47158700E-11
   5.76800013       2.32318297E-11
   5.77150011       2.09678854E-11
   5.77500010       1.79731126E-11
   5.77850008       1.43192073E-11
   5.78200006       1.00986650E-11
   5.78550005       5.42236048E-12
   5.78900003       4.16570424E-13
   5.79250002      -4.78046422E-12
   5.79600000      -1.00223527E-11
   5.79949999      -1.51586313E-11
   5.80299997      -2.00390034E-11
   5.80649996      -2.45175980E-11
   5.80999994      -2.84571689E-11
   5.81350040      -3.17330676E-11
   5.81700039      -3.42369189E-11
   5.82050037      -3.58798651E-11
   5.82400036      -3.65952997E-11
   5.82750034      -3.63410205E-11
   5.83100033      -3.51006897E-11
   5.83450031      -3.28846464E-11
   5.83800030      -2.97299164E-11
   5.84150028      -2.56995623E-11
   5.84500027      -2.08812412E-11
   5.84850025      -1.53851203E-11
   5.85200024      -9.34113030E-12
   5.85550022      -2.89565941E-12
   5.85900021       3.79222738E-12
   5.86250019       1.05549571E-11
   5.86600018       1.72208775E-11
   5.86950016       2.36188361E-11
   5.87300014       2.95827876E-11
   5.87650013       3.49562913E-11
   5.88000011       3.95967877E-11
   5.88350010       4.33795291E-11
   5.88700008       4.62010638E-11
   5.89050007       4.79821599E-11
   5.89400005       4.86701096E-11
   5.89750004       4.82403215E-11
   5.90100002       4.66971704E-11
   5.90450001       4.40740673E-11
   5.90799999       4.04327717E-11
   5.91149998       3.58619037E-11
   5.91499996       3.04747477E-11
   5.91849995       2.44063728E-11
   5.92200041       1.78101700E-11
   5.92550039       1.08538465E-11
   5.92900038       3.71504260E-12
   5.93250036      -3.42334733E-12
   5.93600035      -1.03780205E-11
   5.93950033      -1.69701406E-11
   5.94300032      -2.30301195E-11
   5.94650030      -2.84021660E-11
   5.95000029      -3.29484842E-11
   5.95350027      -3.65530106E-11
   5.95700026      -3.91245925E-11
   5.96050024      -4.05994682E-11
   5.96400023      -4.09430892E-11
   5.96750021      -4.01510908E-11
   5.97100019      -3.82495181E-11
   5.97450018      -3.52941981E-11
   5.97800016      -3.13693169E-11
   5.98150015      -2.65852375E-11
   5.98500013      -2.10755944E-11
   5.98850012      -1.49937701E-11
   5.99200010      -8.50880390E-12
   5.99550009      -1.80088431E-12
   5.99900007       4.94348226E-12
   6.00250006       1.15364870E-11
   6.00600004       1.77940891E-11
   6.00950003       2.35409990E-11
   6.01300001       2.86154416E-11
   6.01650000       3.28735754E-11
   6.01999998       3.61934545E-11
   6.02349997       3.84783733E-11
   6.02699995       3.96596089E-11
   6.03050041       3.96983522E-11
   6.03400040       3.85868872E-11
   6.03750038       3.63489031E-11
   6.04100037       3.30389952E-11
   6.04450035       2.87413045E-11
   6.04800034       2.35673581E-11
   6.05150032       1.76531775E-11
   6.05500031       1.11557100E-11
   6.05850029       4.24867390E-12
   6.06200027      -2.88204942E-12
   6.06550026      -1.00433802E-11
   6.06900024      -1.70402147E-11
   6.07250023      -2.36806685E-11
   6.07600021      -2.97812712E-11
   6.07950020      -3.51719348E-11
   6.08300018      -3.97005970E-11
   6.08650017      -4.32374067E-11
   6.09000015      -4.56782945E-11
   6.09350014      -4.69479212E-11
   6.09700012      -4.70018226E-11
   6.10050011      -4.58277617E-11
   6.10400009      -4.34462050E-11
   6.10750008      -3.99099434E-11
   6.11100006      -3.53028405E-11
   6.11450005      -2.97377366E-11
   6.11800003      -2.33535916E-11
   6.12150002      -1.63118911E-11
   6.12500000      -8.79246502E-12
   6.12849998      -9.88779805E-13
   6.13199997       6.89713607E-12
   6.13549995       1.46600232E-11
   6.13900042       2.20968209E-11
   6.14250040       2.90120653E-11
   6.14600039       3.52230987E-11
   6.14950037       4.05649542E-11
   6.15300035       4.48948032E-11
   6.15650034       4.80958016E-11
   6.16000032       5.00802906E-11
   6.16350031       5.07921934E-11
   6.16700029       5.02086359E-11
   6.17050028       4.83406266E-11
   6.17400026       4.52328938E-11
   6.17750025       4.09628061E-11
   6.18100023       3.56384054E-11
   6.18450022       2.93956665E-11
   6.18800020       2.23949626E-11
   6.19150019       1.48169012E-11
   6.19500017       6.85761040E-12
   6.19850016      -1.27640433E-12
   6.20200014      -9.37369019E-12
   6.20550013      -1.72234171E-11
   6.20900011      -2.46209476E-11
   6.21250010      -3.13732512E-11
   6.21600008      -3.73040349E-11
   6.21950006      -4.22584259E-11
   6.22300005      -4.61071077E-11
   6.22650003      -4.87497820E-11
   6.23000002      -5.01178786E-11
   6.23350000      -5.01764325E-11
   6.23699999      -4.89250446E-11
   6.24049997      -4.63979827E-11
   6.24399996      -4.26633139E-11
   6.24750042      -3.78211767E-11
   6.25100040      -3.20011795E-11
   6.25450039      -2.53590378E-11
   6.25800037      -1.80724862E-11
   6.26150036      -1.03366283E-11
   6.26500034      -2.35880694E-12
   6.26850033       5.64685798E-12
   6.27200031       1.34651144E-11
   6.27550030       2.08852623E-11
   6.27900028       2.77067310E-11
   6.28250027       3.37443823E-11
   6.28600025       3.88334434E-11
   6.28950024       4.28338615E-11
   6.29300022       4.56340625E-11
   6.29650021       4.71539301E-11
   6.30000019       4.73469701E-11
   6.30350018       4.62015877E-11
   6.30700016       4.37414376E-11
   6.31050014       4.00248688E-11
   6.31400013       3.51434437E-11
   6.31750011       2.92195539E-11
   6.32100010       2.24032754E-11
   6.32450008       1.48684433E-11
   6.32800007       6.80813045E-12
   6.33150005      -1.57039507E-12
   6.33500004      -1.00510858E-11
   6.33850002      -1.84147662E-11
   6.34200001      -2.64448585E-11
   6.34549999      -3.39330508E-11
   6.34899998      -4.06847472E-11
   6.35249996      -4.65241456E-11
   6.35600042      -5.12988367E-11
   6.35950041      -5.48837746E-11
   6.36300039      -5.71845384E-11
   6.36650038      -5.81397673E-11
   6.37000036      -5.77227641E-11
   6.37350035      -5.59421363E-11
   6.37700033      -5.28415575E-11
   6.38050032      -4.84985767E-11
   6.38400030      -4.30225577E-11
   6.38750029      -3.65517790E-11
   6.39100027      -2.92497727E-11
   6.39450026      -2.13010217E-11
   6.39800024      -1.29061067E-11
   6.40150023      -4.27643468E-12
   6.40500021       4.37129629E-12
   6.40850019       1.28207635E-11
   6.41200018       2.08616631E-11
   6.41550016       2.82951735E-11
   6.41900015       3.49391106E-11
   6.42250013       4.06326257E-11
   6.42600012       4.52403184E-11
   6.42950010       4.86556836E-11
   6.43300009       5.08037640E-11
   6.43650007       5.16429746E-11
   6.44000006       5.11660297E-11
   6.44350004       4.93999598E-11
   6.44700003       4.64052234E-11
   6.45050001       4.22739344E-11
   6.45400000       3.71272457E-11
   6.45749998       3.11119984E-11
   6.46099997       2.43966566E-11
   6.46450043       1.71667403E-11
   6.46800041       9.61976332E-12
   6.47150040       1.95992376E-12
   6.47500038      -5.60739736E-12
   6.47850037      -1.28811259E-11
   6.48200035      -1.96698526E-11
   6.48550034      -2.57969115E-11
   6.48900032      -3.11050248E-11
   6.49250031      -3.54604401E-11
   6.49600029      -3.87563627E-11
   6.49950027      -4.09157153E-11
   6.50300026      -4.18930168E-11
   6.50650024      -4.16754513E-11
   6.51000023      -4.02830165E-11
   6.51350021      -3.77678028E-11
   6.51700020      -3.42123968E-11
   6.52050018      -2.97274601E-11
   6.52400017      -2.44485647E-11
   6.52750015      -1.85323458E-11
   6.53100014      -1.21521239E-11
   6.53450012      -5.49305046E-12
   6.53800011       1.25302362E-12
   6.54150009       7.89286258E-12
   6.54500008       1.42371739E-11
   6.54850006       2.01058215E-11
   6.55200005       2.53327671E-11
   6.55550003       2.97706131E-11
   6.55900002       3.32946309E-11
   6.56250000       3.58061567E-11
   6.56599998       3.72352600E-11
   6.56949997       3.75426218E-11
   6.57300043       3.67205849E-11
   6.57650042       3.47932898E-11
   6.58000040       3.18159978E-11
   6.58350039       2.78735195E-11
   6.58700037       2.30778278E-11
   6.59050035       1.75649651E-11
   6.59400034       1.14912550E-11
   6.59750032       5.02897550E-12
   6.60100031      -1.63840501E-12
   6.60450029      -8.32130198E-12
   6.60800028      -1.48292524E-11
   6.61150026      -2.09761809E-11
   6.61500025      -2.65855428E-11
   6.61850023      -3.14952023E-11
   6.62200022      -3.55619388E-11
   6.62550020      -3.86653973E-11
   6.62900019      -4.07114654E-11
   6.63250017      -4.16348830E-11
   6.63600016      -4.14011117E-11
   6.63950014      -4.00073134E-11
   6.64300013      -3.74825240E-11
   6.64650011      -3.38868864E-11
   6.65000010      -2.93101030E-11
   6.65350008      -2.38690196E-11
   6.65700006      -1.77045115E-11
   6.66050005      -1.09776710E-11
   6.66400003      -3.86547174E-12
   6.66750002       3.44402523E-12
   6.67100000       1.07567653E-11
   6.67449999       1.78779682E-11
   6.67799997       2.46174140E-11
   6.68150043       3.07946273E-11
   6.68500042       3.62437858E-11
   6.68850040       4.08182516E-11
   6.69200039       4.43945679E-11
   6.69550037       4.68758574E-11
   6.69900036       4.81944831E-11
   6.70250034       4.83139292E-11
   6.70600033       4.72298242E-11
   6.70950031       4.49701179E-11
   6.71300030       4.15943634E-11
   6.71650028       3.71921452E-11
   6.72000027       3.18806960E-11
   6.72350025       2.58017618E-11
   6.72700024       1.91177889E-11
   6.73050022       1.20075651E-11
   6.73400021       4.66139670E-12
   6.73750019      -2.72402175E-12
   6.74100018      -9.95091769E-12
   6.74450016      -1.68257838E-11
   6.74800014      -2.31646126E-11
   6.75150013      -2.87978738E-11
   6.75500011      -3.35751080E-11
   6.75850010      -3.73689968E-11
   6.76200008      -4.00788361E-11
   6.76550007      -4.16332524E-11
   6.76900005      -4.19921493E-11
   6.77250004      -4.11478213E-11
   6.77600002      -3.91251510E-11
   6.77950001      -3.59809682E-11
   6.78299999      -3.18025016E-11
   6.78649998      -2.67050444E-11
   6.79000044      -2.08288213E-11
   6.79350042      -1.43352058E-11
   6.79700041      -7.40234610E-12
   6.80050039      -2.20338477E-13
   6.80400038       7.01392807E-12
   6.80750036       1.41021144E-11
   6.81100035       2.08498167E-11
   6.81450033       2.70718500E-11
   6.81800032       3.25972825E-11
   6.82150030       3.72740970E-11
   6.82500029       4.09733254E-11
   6.82850027       4.35925671E-11
   6.83200026       4.50588143E-11
   6.83550024       4.53304339E-11
   6.83900023       4.43983392E-11
   6.84250021       4.22862648E-11
   6.84600019       3.90501485E-11
   6.84950018       3.47766399E-11
   6.85300016       2.95807857E-11
   6.85650015       2.36029096E-11
   6.86000013       1.70048524E-11
   6.86350012       9.96557177E-12
   6.86700010       2.67631360E-12
   6.87050009      -4.66458165E-12
   6.87400007      -1.18570553E-11
   6.87750006      -1.87047669E-11
   6.88100004      -2.50204354E-11
   6.88450003      -3.06309353E-11
   6.88800001      -3.53820237E-11
   6.89150000      -3.91425503E-11
   6.89499998      -4.18080605E-11
   6.89850044      -4.33036489E-11
   6.90200043      -4.35860618E-11
   6.90550041      -4.26448946E-11
   6.90900040      -4.05029378E-11
   6.91250038      -3.72155952E-11
   6.91600037      -3.28694363E-11
   6.91950035      -2.75798932E-11
   6.92300034      -2.14881758E-11
   6.92650032      -1.47574800E-11
   6.93000031      -7.56860286E-12
   6.93350029      -1.15062108E-13
   6.93700027       7.40211972E-12
   6.94050026       1.47798510E-11
   6.94400024       2.18184637E-11
   6.94750023       2.83271271E-11
   6.95100021       3.41290191E-11
   6.95450020       3.90661288E-11
   6.95800018       4.30035625E-11
   6.96150017       4.58332157E-11
   6.96500015       4.74767239E-11
   6.96850014       4.78876279E-11
   6.97200012       4.70526604E-11
   6.97550011       4.49921350E-11
   6.97900009       4.17594431E-11
   6.98250008       3.74396278E-11
   6.98600006       3.21471287E-11
   6.98950005       2.60226962E-11
   6.99300003       1.92296179E-11
   6.99650002       1.19493183E-11
