0 24.95916777241269
1 24.237357681783667
2 22.946889863986147
3 22.110898803907215
4 21.148918281417718
5 20.312941906203385
6 19.136413686968766
7 18.592474858335805
8 17.47226703624892
9 16.74532106334155
10 16.003687536927863
11 15.01599803313851
12 14.488014969097538
13 13.778785860217848
14 12.922207753410978
15 12.176220190872291
16 11.366896026042648
17 10.954338740928646
18 10.482734328053768
19 9.520348474616958
20 8.94835130578515
21 8.148618651083922
22 7.85826369727207
23 7.237395769097518
24 6.699630207372955
25 5.892029978840609
26 5.804863043154295
27 5.053339319472675
28 4.569698473166258
29 4.496868975197582
30 3.701165108556198
31 3.721885731330696
32 2.9518022272049382
33 2.827495900106212
34 2.4253360911128303
35 2.218865290911325
36 1.8259603212086835
37 1.7820789723640917
38 1.1939676202786573
39 0.7672917406783303
40 1.2017138739104911
41 0.7747263421296238
42 0.41427218342472044
43 0.6139291576936637
44 0.20265685984895326
45 0.2121970739135492
46 0.17771788604189262
47 0.14729750315413986
48 -0.1775919125180959
49 -0.2712762445885493
50 -0.04752129573374774
51 0.0648563742598893
52 0.07439006831365977
53 0.19107306781722194
54 0.036564165418507266
55 0.1679981027570207
56 0.4980039756623504
57 0.6003987268831685
58 0.5029716922632049
59 0.9178791824910669
60 1.120182042890064
61 1.3483120780730207
62 1.6049175499195747
63 1.8209210341980482
64 2.055137759523596
65 2.4642163663238987
66 2.9685389244001157
67 3.27222330418797
68 3.4077460771047616
69 4.030359142536505
70 4.458712876735696
71 4.857045944087379
72 5.008986426427323
73 5.694701091584303
74 6.249295238827489
75 6.7093085462204956
76 7.1261868120377185
77 7.489553633955618
78 8.004669566273485
79 8.934461700271656
80 9.880650522338698
81 10.065743369374415
82 10.8463562973336
83 11.170925099521916
84 12.206469327100189
85 13.104831853927754
86 13.068052933193172
87 14.329906103035064
88 15.178064944056853
89 15.69841342620273
90 16.718693065070923
91 17.44225989529154
92 18.37715991147903
93 19.42441319015874
94 20.10861542891243
95 21.241359668346874
96 22.075541786151824
97 23.075440462758532
98 23.860553689629068
99 24.933745196132644
