0 25.0
1 24.00010203040506
2 23.020610141822264
3 22.061524334251608
4 21.122844607693093
5 20.204570962146718
6 19.306703397612488
7 18.429241914090397
8 17.572186511580448
9 16.735537190082642
10 15.919293949596977
11 15.123456790123456
12 14.348025711662073
13 13.593000714212833
14 12.858381797775735
15 12.144168962350777
16 11.450362207937962
17 10.776961534537287
18 10.123966942148758
19 9.491378430772368
20 8.87919600040812
21 8.287419651056014
22 7.716049382716047
23 7.165085195388224
24 6.634527089072544
25 6.124375063769003
26 5.634629119477604
27 5.165289256198347
28 4.716355473931231
29 4.287827772676257
30 3.8797061524334246
31 3.4919906132027334
32 3.1246811549841844
33 2.7777777777777772
34 2.451280481583511
35 2.145189266401387
36 1.859504132231404
37 1.594225079073563
38 1.3493521069278638
39 1.124885215794306
40 0.9208244056728897
41 0.7371696765636152
42 0.5739210284664823
43 0.431078461381491
44 0.30864197530864135
45 0.20661157024793336
46 0.12498724619936699
47 0.06376900316294223
48 0.022956841138659333
49 0.002550760126517704
50 0.002550760126517704
51 0.022956841138659333
52 0.0637690031629426
53 0.12498724619936748
54 0.206611570247934
55 0.3086419753086421
56 0.4310784613814919
57 0.5739210284664833
58 0.7371696765636163
59 0.9208244056728909
60 1.1248852157943074
61 1.3493521069278653
62 1.5942250790735648
63 1.859504132231406
64 2.1451892664013887
65 2.451280481583513
66 2.7777777777777795
67 3.1246811549841866
68 3.4919906132027365
69 3.8797061524334278
70 4.28782777267626
71 4.716355473931234
72 5.16528925619835
73 5.634629119477608
74 6.124375063769006
75 6.634527089072548
76 7.1650851953882295
77 7.716049382716054
78 8.28741965105602
79 8.879196000408125
80 9.491378430772375
81 10.123966942148765
82 10.776961534537298
83 11.450362207937971
84 12.144168962350786
85 12.858381797775744
86 13.593000714212844
87 14.348025711662082
88 15.123456790123466
89 15.919293949596987
90 16.735537190082656
91 17.57218651158046
92 18.42924191409041
93 19.3067033976125
94 20.204570962146732
95 21.122844607693104
96 22.061524334251608
97 23.020610141822264
98 24.00010203040506
99 25.0
