          monx mony
          41   1.00000000
          42  0.944290519
          43  0.905243456
          44  0.846627414
          45  0.813142300
          46  0.802542210
          47  0.782773376
          48  0.741317689
          49  0.718655229
          50  0.716593504
          51  0.702038884
          52  0.677280068
          53  0.664580166
          54  0.655392945
          55  0.654479563
          56  0.646982193
          57  0.628180861
          58  0.620890498
          59  0.613572180
          60  0.610861063
