          monx mony
	   1   1.00000000
           2  0.596760035
           3  0.397444189
           4  0.334237784
           5  0.256096154
           6  0.227379695
           7  0.208745614
           8  0.187237427
           9  0.172437847
          10  0.163072839
          11  0.156987071
          12  0.141542211
          13  0.134306923
          14  0.128268257
          15  0.123667300
          16  0.116160512
          17  0.111675620
          18  0.106905080
          19  0.102854982
          20  0.100696407
