          monx mony
          21   1.00000000
          22  0.862122118
          23  0.815107346
          24  0.810891390
          25  0.554636955
          26  0.515585423
          27  0.486355662
          28  0.474903405
          29  0.437880278
          30  0.422505111
          31  0.416154742
          32  0.407017171
          33  0.386059850
          34  0.378031164
          35  0.372083485
          36  0.369572490
          37  0.355118930
          38  0.350075930
          39  0.344255358
          40  0.339135259
