          monx mony
          81   1.00000000
          82  0.998580456
          83  0.994287670
          84  0.991106868
          85  0.989421189
          86  0.985503793
          87  0.979266822
          88  0.976220548
          89  0.972948074
          90  0.969920397
          91  0.967414021
          92  0.963983953
          93  0.961645067
          94  0.959281325
          95  0.956729472
          96  0.954069257
          97  0.951283932
          98  0.949456394
          99  0.946410120
         100  0.944370329
