	   monx mony
	   1   1.0000000000000000
           2   1.0000000000000000
           3   1.0000000000000000
           4   1.0000000000000000
           5   1.0000000000000000
           6   1.0000000000000000
           7   1.0000000000000000
           8   1.0000000000000000
           9   1.0000000000000000
          10   1.0000000000000000
          11   1.0000000000000000
          12   1.0000000000000000
          13   1.0000000000000000
          14   1.0000000000000000
          15   1.0000000000000000
          16   1.0000000000000000
          17   1.0000000000000000
          18   1.0000000000000000
          19   1.0000000000000000
          20   1.0000000000000000
          21   1.0000000000000000
          22   1.0000000000000000
          23   1.0000000000000000
          24   1.0000000000000000
          25   1.0000000000000000
          26   1.0000000000000000
          27   1.0000000000000000
          28   1.0000000000000000
          29   1.0000000000000000
          30   1.0000000000000000
          31   1.0000000000000000
          32   1.0000000000000000
          33   1.0000000000000000
          34   1.1619849427481377
          35   1.1619849427481377
          36   1.1619849427481377
          37   1.1619849427481377
          38   1.1619849427481377
          39   1.1619849427481377
          40   1.1619849427481377
          41   1.1619849427481377
          42   1.1619849427481377
          43   1.1619849427481377
          44   1.1619849427481377
          45   1.1266780288443743
          46   1.1266780288443743
          47   1.1266780288443743
          48   1.1266780288443743
          49   1.1266780288443743
          50   1.1266780288443743
          51   1.1266780288443743
          52   1.1266780288443743
          53   1.1266780288443743
          54   1.1266780288443743
          55   1.1266780288443743
          56   1.0965159758455949
          57   1.0965159758455949
          58   1.0965159758455949
          59   1.0965159758455949
          60   1.0965159758455949
          61   1.0965159758455949
          62   1.0965159758455949
          63   1.0965159758455949
          64   1.0965159758455949
          65   1.0965159758455949
          66   1.0965159758455949
          67   1.0730141003799554
          68   1.0730141003799554
          69   1.0730141003799554
          70   1.0730141003799554
          71   1.0730141003799554
          72   1.0730141003799554
          73   1.0730141003799554
          74   1.0730141003799554
          75   1.0730141003799554
          76   1.0730141003799554
          77   1.0730141003799554
          78   1.0571166982329896
          79   1.0571166982329896
          80   1.0571166982329896
          81   1.0571166982329896
          82   1.0571166982329896
          83   1.0571166982329896
          84   1.0571166982329896
          85   1.0571166982329896
          86   1.0571166982329896
          87   1.0571166982329896
          88   1.0571166982329896
          89   1.0491403381752491
          90   1.0491403381752491
          91   1.0491403381752491
          92   1.0491403381752491
          93   1.0491403381752491
          94   1.0491403381752491
          95   1.0491403381752491
          96   1.0491403381752491
          97   1.0491403381752491
          98   1.0491403381752491
          99   1.0491403381752491
         100   1.0491403381752491
